314 140 320 136 325 134 329 135 332 134 337 136 343 139 337 142 332 143 329 143 325 143 320 142 325 138 329 138 332 138 332 139 329 139 325 138
313 140 320 136 325 134 328 135 332 134 337 136 342 139 337 142 332 143 329 143 325 143 320 142 325 138 328 138 332 138 332 139 329 139 325 139
313 140 320 136 325 134 329 135 332 134 337 136 342 139 337 142 332 143 329 143 325 143 320 142 325 138 329 138 332 138 332 139 329 139 325 138
313 139 320 136 325 134 329 135 332 134 337 136 342 139 337 142 332 143 329 143 325 143 319 142 325 138 329 138 332 138 332 138 329 139 325 138
313 140 319 136 325 134 328 135 332 134 337 136 343 139 337 142 332 143 328 143 325 143 319 142 325 138 328 138 332 138 332 139 328 139 325 139
313 140 319 136 325 134 328 135 332 134 336 136 342 139 336 142 332 142 328 143 324 142 319 142 325 139 328 139 332 139 331 138 328 139 325 139
313 140 320 137 325 134 329 135 332 135 337 137 342 140 337 142 332 143 328 143 325 143 319 142 325 138 329 139 332 139 332 139 328 139 325 139
313 140 320 137 325 135 329 135 332 135 337 137 342 140 337 142 332 143 328 143 325 143 319 142 325 139 329 139 332 139 332 139 328 139 325 139
313 140 319 137 325 135 329 136 332 135 337 137 343 140 337 142 332 143 328 143 325 143 319 142 325 139 329 139 332 139 332 139 328 139 325 139
313 140 319 137 325 135 329 135 332 135 336 136 342 139 336 142 332 143 328 143 325 143 319 142 325 139 329 139 332 139 332 139 328 139 325 139
313 140 319 137 324 135 328 135 332 135 336 137 342 140 337 143 332 143 328 144 324 143 319 143 324 139 328 139 332 139 331 139 328 140 324 139
313 140 319 137 325 134 328 135 331 134 336 137 342 140 336 142 332 143 328 143 324 143 319 143 325 139 328 139 331 138 331 139 328 139 325 139
313 140 319 137 325 134 328 135 332 135 336 137 342 140 336 142 332 143 328 143 324 143 319 142 325 139 328 139 332 139 331 139 328 139 325 139
313 140 319 137 325 134 328 135 332 135 336 137 342 140 336 142 332 143 328 143 324 143 319 142 325 139 328 139 332 139 331 139 328 139 325 139
313 140 319 137 325 135 328 135 331 135 336 137 341 140 336 142 331 143 328 143 324 143 319 143 324 139 328 139 331 139 331 139 328 139 324 139
313 141 319 137 324 135 328 136 331 135 336 137 341 140 336 142 331 143 328 144 324 144 319 143 324 139 328 139 331 139 331 139 328 140 324 139
312 141 319 137 324 135 328 136 331 135 336 137 341 140 336 143 331 144 328 144 324 144 319 143 324 139 328 139 331 139 331 140 328 140 324 140
312 141 318 137 324 135 328 136 331 135 336 137 341 140 336 142 331 143 328 144 324 143 318 143 324 139 327 139 331 139 331 139 328 140 324 139
312 141 318 137 324 135 327 136 331 135 336 137 341 140 336 143 331 144 327 144 324 144 319 143 324 139 327 139 331 139 331 139 327 140 324 140
312 141 318 138 324 135 328 136 331 135 336 138 341 141 336 143 331 144 328 144 324 144 318 143 324 140 328 140 331 140 331 140 328 140 324 140
312 141 318 138 324 135 327 136 330 135 335 138 341 141 335 144 331 144 327 145 324 144 318 144 324 140 327 140 330 140 330 140 327 140 324 140
312 142 318 138 324 136 327 137 330 136 335 138 341 141 335 144 331 145 327 145 324 145 318 144 324 140 327 140 330 140 330 141 327 141 324 141
312 143 318 139 324 136 327 137 331 136 335 139 341 142 336 145 331 146 327 147 323 146 318 145 324 141 327 141 331 141 331 141 327 141 324 141
311 144 317 140 323 137 327 138 330 137 335 139 340 143 335 147 331 148 327 149 323 148 317 147 323 141 327 141 330 141 330 143 327 143 323 143
311 144 317 140 323 137 327 138 330 137 335 139 340 143 335 147 330 150 327 150 323 150 317 148 323 142 327 142 330 142 330 144 327 144 323 144
311 145 317 140 323 137 327 138 330 137 335 139 340 144 335 148 331 150 327 151 323 151 317 149 323 142 327 142 330 142 330 145 327 145 323 145
311 145 317 140 323 137 326 138 329 137 334 140 339 144 335 148 330 150 326 151 323 150 317 149 323 142 326 142 330 142 330 145 326 145 323 145
311 145 317 141 323 137 326 138 329 137 334 140 338 145 334 149 330 151 326 152 322 151 317 150 323 142 326 142 329 142 329 145 326 146 323 146
311 146 317 141 323 138 326 138 329 137 333 140 338 145 334 149 329 152 326 152 322 152 317 150 323 143 326 143 329 142 329 146 326 146 323 146
312 146 317 141 322 138 326 139 329 138 333 140 337 145 333 149 329 152 326 152 322 152 317 151 322 143 326 143 329 142 329 146 326 146 322 146
312 147 317 142 322 139 325 140 328 139 332 142 336 146 332 150 328 152 325 153 321 152 317 151 322 144 325 144 328 144 328 146 325 146 322 146
311 147 316 143 321 140 324 141 327 140 331 143 335 147 331 151 327 153 324 154 321 153 316 151 321 145 324 145 327 145 327 147 324 148 321 147
310 147 315 143 320 140 323 141 326 140 331 143 334 147 331 151 326 153 323 154 320 153 315 151 320 145 323 145 326 145 326 147 323 147 320 147
310 147 315 143 320 140 323 141 326 140 330 143 334 147 330 150 326 152 323 153 319 152 315 151 320 145 323 145 326 145 326 146 322 147 319 146
308 146 314 142 319 139 322 140 325 139 329 142 333 146 329 149 325 151 321 152 318 152 313 150 318 144 321 144 325 144 325 145 321 146 318 145
305 145 310 140 316 138 320 138 323 138 328 140 333 145 329 149 324 151 320 151 316 151 310 149 316 143 320 143 323 143 323 145 320 145 316 145
304 145 310 140 316 137 319 138 323 138 328 140 333 145 328 149 323 152 319 152 315 151 309 150 315 142 319 142 323 142 323 145 319 146 315 145
304 145 309 140 315 137 318 138 322 137 328 140 333 145 328 150 322 152 318 152 314 152 309 150 315 141 318 141 322 141 322 146 318 146 315 146
304 145 309 140 315 137 319 138 323 138 328 140 333 145 328 150 323 152 318 152 314 152 309 150 315 142 319 142 323 142 322 146 319 146 315 146
303 144 309 140 314 137 318 138 322 138 328 140 333 145 328 149 323 151 318 151 314 150 308 148 314 142 318 143 322 143 322 145 318 145 314 144
303 144 309 139 314 136 318 137 321 137 327 139 332 144 327 148 321 150 317 150 313 150 308 148 314 140 318 140 321 140 321 145 317 145 314 145
304 144 309 139 314 136 318 137 322 137 327 139 332 144 326 147 321 148 317 149 314 148 309 147 314 140 318 140 321 140 321 143 318 144 314 144
304 144 309 139 314 136 318 137 322 136 327 139 332 144 326 147 321 148 318 149 314 148 308 147 314 140 318 140 322 140 321 144 318 144 314 144
303 144 308 139 314 136 318 137 322 136 327 139 332 144 327 147 322 148 318 149 314 149 308 147 314 140 318 140 322 140 321 144 318 144 314 144
303 144 309 139 314 136 318 137 322 136 327 139 332 144 327 147 322 149 318 149 314 149 309 148 314 140 318 141 322 140 322 144 318 144 314 144
303 144 309 139 314 137 318 137 322 137 327 139 332 144 327 147 322 149 318 149 314 149 308 148 314 140 318 140 322 140 322 144 318 144 314 144
303 144 308 139 314 137 318 137 321 137 326 139 332 144 326 147 322 149 317 149 313 149 308 148 314 140 318 140 321 140 321 144 318 144 314 144
303 144 308 139 313 136 317 137 321 137 326 139 332 144 326 147 321 148 317 148 313 148 308 147 313 140 317 140 321 140 321 144 317 144 313 144
302 143 308 138 313 135 317 136 321 135 325 138 331 143 325 146 321 147 317 148 313 148 308 147 313 139 317 139 321 139 320 142 317 143 313 143
302 143 308 139 313 136 317 137 321 136 326 138 331 143 326 146 321 147 317 148 313 148 308 146 313 140 317 140 321 140 321 142 317 143 313 143
303 143 308 139 313 136 317 137 320 136 325 138 330 143 325 146 320 148 317 148 313 148 308 147 313 140 317 140 320 140 320 143 317 143 313 143
302 144 307 139 313 136 317 137 320 136 325 139 330 143 325 147 320 148 316 149 312 149 307 147 313 140 317 140 320 140 320 143 316 143 313 143
302 143 307 139 312 136 316 137 320 136 325 138 330 143 325 146 320 148 316 148 312 148 307 147 312 140 316 140 320 140 320 143 316 143 312 143
302 143 307 139 312 136 316 137 320 136 325 139 330 143 325 146 320 147 316 148 312 147 307 146 312 140 316 140 320 140 320 143 316 143 312 143
302 144 307 139 312 136 316 137 320 137 325 139 330 143 325 146 320 148 316 149 311 148 307 147 312 140 316 140 320 140 319 143 316 144 312 143
301 144 307 139 312 137 316 137 320 137 325 139 330 143 325 147 320 149 316 150 312 149 307 148 312 140 316 140 320 140 320 144 316 144 312 144
301 145 307 140 312 137 316 137 319 137 324 139 330 144 324 148 319 150 315 150 311 150 306 148 312 140 316 140 319 140 319 145 316 145 312 145
302 144 307 140 312 137 315 138 319 137 324 140 330 144 324 148 319 150 315 150 311 150 306 148 312 141 316 141 319 141 319 145 315 145 312 145
302 145 307 140 312 138 316 138 319 138 324 140 329 144 324 148 319 150 315 150 311 150 307 149 312 141 316 141 319 141 319 145 316 146 312 145
301 146 306 141 312 138 315 139 319 138 324 140 329 145 324 148 319 150 315 151 311 151 306 149 312 143 315 142 319 142 319 144 315 145 312 145
301 145 307 142 312 139 315 140 318 139 323 142 328 144 323 148 319 149 315 150 311 149 306 148 311 143 315 144 318 143 318 144 315 144 311 144
300 145 306 142 311 139 314 140 318 139 323 141 328 145 323 148 318 149 314 150 310 149 306 148 311 143 314 144 318 143 318 144 314 145 311 144
300 145 306 142 311 139 315 140 318 139 323 141 328 145 323 147 318 149 314 149 311 149 306 148 311 143 315 144 318 143 318 144 315 144 311 144
300 145 306 142 311 139 315 140 318 139 323 141 328 144 323 147 318 149 315 149 311 149 306 148 311 143 315 143 318 143 318 144 315 144 311 144
300 145 305 141 311 139 314 140 318 139 323 141 328 144 323 147 318 149 314 149 310 149 305 148 310 143 314 143 318 143 318 144 314 144 311 144
300 145 306 141 311 138 314 139 318 138 323 141 329 144 323 148 318 149 314 150 311 150 306 148 311 143 314 143 318 143 318 144 314 144 311 144
300 145 306 141 311 139 314 140 318 139 323 141 328 144 323 147 318 149 314 149 310 149 306 148 311 143 314 143 318 143 318 144 314 144 311 144
300 145 306 141 311 139 314 140 318 139 323 141 328 144 323 147 318 149 314 149 310 149 305 148 311 143 314 143 318 143 318 144 314 144 311 144
300 146 306 141 311 138 314 139 318 138 323 141 329 145 323 148 318 149 314 150 311 150 306 149 311 143 314 143 318 143 318 144 314 144 311 144
300 145 306 141 311 139 314 140 318 139 323 141 329 145 323 148 318 149 314 150 310 150 306 148 311 143 314 143 318 143 318 144 314 145 311 144
300 146 306 141 311 138 314 140 318 139 323 141 329 145 323 148 318 150 314 151 311 150 306 149 311 143 314 144 318 143 318 145 314 145 311 145
300 146 305 142 310 139 314 140 318 139 323 141 329 145 323 148 318 150 314 151 310 151 305 149 310 143 314 143 318 143 318 145 314 146 310 146
300 147 306 142 311 140 315 140 318 139 323 142 328 146 323 149 318 151 315 152 311 152 306 150 311 144 315 143 318 143 318 146 315 146 311 146
302 149 307 144 312 141 315 142 319 141 324 143 329 147 324 151 319 153 315 154 312 154 307 152 312 145 315 145 319 145 319 148 315 148 312 148
302 149 307 144 312 141 316 142 319 141 324 143 328 147 324 151 320 153 316 154 312 153 307 152 312 145 316 145 319 144 319 147 316 148 312 148
303 148 308 144 313 141 316 142 319 141 324 143 329 147 324 150 320 153 316 153 312 153 308 152 313 145 316 146 319 145 319 147 316 148 313 147
302 148 307 144 312 141 316 142 319 141 324 143 329 146 324 150 319 152 316 153 312 153 307 151 312 146 316 146 319 145 319 147 316 147 312 147
302 148 307 143 312 141 315 141 319 141 323 143 328 147 323 150 319 152 315 153 311 153 307 151 312 145 315 145 319 145 318 146 315 147 312 147
302 148 307 143 312 141 315 142 318 140 323 143 328 146 323 150 319 152 315 153 311 153 307 151 312 145 315 145 318 144 318 147 315 147 312 147
301 148 306 144 311 141 315 142 318 141 323 143 328 146 323 150 319 153 315 154 311 153 306 152 311 145 315 145 318 145 318 147 315 147 311 147
301 149 306 144 311 141 315 142 318 141 323 143 327 147 323 151 318 154 314 154 311 154 306 152 311 146 315 146 318 145 318 148 314 148 311 148
300 149 305 144 311 141 314 142 318 142 323 144 328 148 323 152 318 154 314 155 310 155 305 153 311 146 314 146 318 146 318 149 314 149 311 149
300 149 305 144 311 142 314 142 318 142 323 144 328 148 323 152 318 154 314 155 310 155 305 153 311 146 314 146 318 146 318 149 314 149 311 149
300 149 306 144 311 142 314 142 318 142 323 144 328 148 323 152 318 154 314 155 311 155 306 153 311 146 314 146 318 146 318 149 314 149 311 149
300 149 305 144 311 141 314 142 318 141 323 144 328 148 323 152 318 154 314 155 311 154 305 153 311 146 314 146 318 145 318 149 314 149 311 149
301 149 306 145 311 142 314 143 318 142 322 144 327 147 322 151 318 153 314 153 311 153 306 152 311 146 314 147 318 146 318 147 314 148 311 148
300 149 306 145 311 143 314 144 318 142 323 144 327 148 323 151 319 153 314 153 311 153 306 152 311 147 314 148 318 147 318 147 314 148 311 148
300 149 306 145 311 143 314 144 318 143 323 145 328 147 323 151 319 153 315 153 311 153 306 152 311 147 314 148 318 147 318 147 314 148 311 148
300 149 306 145 311 143 314 144 318 142 323 144 328 147 323 151 319 153 315 153 311 153 306 152 311 147 314 148 318 147 318 147 314 148 311 148
300 149 306 145 311 143 314 144 318 142 323 145 327 147 323 151 318 153 314 153 310 153 305 152 311 147 314 147 318 147 318 147 314 148 311 148
299 149 305 145 311 142 314 143 317 142 322 144 328 147 323 151 318 153 314 153 310 153 305 152 311 147 314 147 318 147 317 147 314 148 310 147
299 149 306 145 311 143 314 144 318 143 323 145 328 147 323 151 318 152 314 153 310 153 305 152 311 147 314 147 318 147 318 147 314 148 311 147
299 148 306 145 311 142 314 143 318 142 323 144 328 147 323 151 318 153 314 153 310 153 305 152 311 147 314 147 318 147 318 147 314 148 311 148
300 149 306 145 311 143 315 144 318 142 323 144 328 147 323 151 319 153 315 153 311 153 306 152 311 147 315 147 318 147 318 148 315 148 311 148
301 148 306 145 311 142 315 143 318 142 323 144 328 147 323 151 319 152 315 153 311 153 306 152 311 146 315 146 318 146 318 148 315 148 311 148
300 149 306 145 311 142 314 143 318 142 323 144 328 147 323 151 319 153 315 153 311 153 306 152 311 147 314 147 318 147 318 147 314 148 311 148
301 148 306 144 311 142 315 143 319 142 324 144 329 147 324 151 319 152 315 153 311 153 306 151 311 146 315 147 319 146 319 147 315 148 311 147
300 148 306 144 311 142 315 143 318 142 323 144 329 147 323 150 319 152 315 152 311 152 306 151 311 146 315 146 318 146 318 147 315 147 311 147
301 148 306 144 311 141 315 142 319 141 324 143 329 147 324 150 319 152 315 152 311 152 306 151 311 146 315 146 319 146 319 146 315 147 311 147
300 148 306 144 311 141 315 142 319 141 324 143 329 147 324 150 319 152 315 152 311 152 306 151 311 146 315 146 319 146 319 147 315 147 311 147
301 148 306 144 312 141 315 142 319 141 323 143 329 147 324 150 319 152 315 152 311 152 306 151 312 146 315 146 319 146 319 147 315 147 312 147
301 148 306 144 312 142 315 143 318 142 323 144 328 147 323 150 319 152 315 153 311 152 306 151 311 146 315 146 318 146 318 147 315 147 311 147
302 150 307 146 312 143 315 144 318 143 323 145 327 149 323 152 318 154 315 155 311 154 307 153 312 148 315 148 318 147 318 148 315 149 312 149
302 150 307 146 312 144 315 145 318 144 323 146 328 149 323 153 319 155 315 156 311 155 307 154 312 148 315 148 318 148 318 149 315 150 312 150
302 150 307 146 312 143 315 144 319 143 323 146 328 149 323 152 319 154 315 154 312 154 307 153 312 148 315 148 319 148 319 148 315 149 312 149
302 150 307 145 312 143 316 144 319 143 324 145 329 148 324 152 319 154 316 154 312 154 307 153 312 147 316 147 319 147 319 148 316 149 312 148
303 149 307 145 312 143 316 143 320 142 324 145 329 148 325 152 320 154 316 155 312 154 307 153 312 147 316 147 320 147 320 148 316 149 312 149
302 149 307 145 312 142 316 143 320 142 325 145 330 148 325 152 320 155 316 155 312 155 307 153 312 147 316 147 320 147 320 148 316 149 312 149
302 150 307 144 313 142 316 143 320 142 324 144 329 148 325 152 320 154 316 155 312 155 307 153 313 146 316 146 320 146 320 149 316 149 312 149
302 149 307 145 313 142 316 142 320 141 325 144 330 148 325 152 320 154 316 155 313 155 307 153 313 146 316 146 320 146 320 148 316 149 313 149
302 149 308 145 313 142 317 143 320 142 325 144 330 148 325 151 320 153 317 154 313 154 308 152 313 147 317 147 320 146 320 148 317 148 313 148
301 148 307 145 312 143 316 144 319 143 324 145 330 147 324 150 320 152 316 153 312 152 307 151 312 147 316 147 319 147 319 147 316 148 312 147
301 148 307 145 312 143 316 144 319 143 324 144 330 147 325 151 320 153 316 153 312 153 307 152 312 147 316 147 319 147 319 147 316 148 312 148
301 148 307 145 312 143 315 144 319 143 324 144 330 147 324 150 320 152 316 153 312 153 307 151 312 147 316 147 319 147 319 147 316 148 312 148
301 148 306 145 312 143 316 144 319 143 324 144 330 147 325 151 319 153 316 154 312 153 306 152 312 147 316 147 319 147 319 148 316 149 312 148
300 148 306 144 312 142 316 143 319 142 324 144 330 147 324 151 319 153 316 153 311 153 306 152 312 146 316 146 319 146 319 148 316 148 312 148
300 148 306 144 312 142 316 143 319 142 324 144 330 147 325 151 319 153 316 154 312 153 306 152 312 146 316 147 319 146 319 148 316 148 312 148
300 148 306 144 312 142 315 143 319 142 324 144 330 147 325 152 319 153 316 154 312 154 306 152 312 146 316 146 319 146 319 148 316 148 312 148
300 148 306 144 312 142 316 142 319 141 324 143 330 147 324 151 320 153 316 153 312 153 306 152 312 146 316 146 319 145 319 148 316 148 312 148
301 148 307 144 312 142 316 143 319 142 324 143 329 147 324 150 320 151 316 152 312 152 307 151 312 146 316 146 319 145 319 147 316 147 312 147
302 147 307 144 312 141 316 142 319 141 323 143 328 146 323 150 319 151 316 152 312 152 307 150 312 145 316 145 319 145 319 146 316 147 312 146
302 147 307 143 312 141 315 142 319 141 323 143 328 146 323 149 319 151 316 152 312 151 307 150 312 145 315 145 319 144 319 146 315 146 312 146
302 147 307 143 312 141 315 142 319 141 323 143 328 146 323 149 319 151 315 151 312 151 307 150 312 145 316 145 319 144 319 145 315 146 312 146
302 147 307 143 312 141 315 141 319 140 323 142 327 146 323 149 319 151 315 151 312 151 307 150 312 145 315 145 319 144 319 145 315 146 312 146
302 148 307 143 312 140 315 141 318 140 322 142 327 146 323 148 319 150 315 151 312 151 307 150 312 145 315 145 318 144 318 145 315 145 312 145
303 147 307 143 312 140 315 141 318 140 322 142 326 146 322 149 319 151 315 151 312 151 307 150 312 144 315 144 318 144 318 145 315 145 312 145
303 147 307 142 312 140 315 140 318 140 322 142 326 146 322 149 318 151 315 152 312 152 307 150 312 144 315 144 318 144 318 145 315 146 312 145
302 148 307 143 312 140 315 141 318 140 322 142 326 146 322 150 318 151 315 152 312 152 307 151 312 144 315 144 318 144 318 146 315 146 312 146
301 147 306 142 311 140 314 141 318 140 323 142 328 146 323 150 318 152 314 152 311 152 306 151 311 144 314 144 318 144 318 147 314 147 311 147
301 147 306 143 311 140 315 141 318 140 323 142 328 147 323 151 319 153 315 153 311 153 306 151 311 143 315 144 318 143 318 147 315 148 311 148
301 147 306 142 311 139 315 140 318 140 323 142 328 147 323 151 319 153 315 153 311 153 306 151 312 144 315 144 318 144 318 148 315 148 311 148
300 147 306 143 311 140 314 141 318 140 323 143 328 147 323 150 319 152 315 152 311 152 306 151 311 144 315 144 318 144 318 146 314 147 311 147
300 147 306 143 311 140 314 141 318 140 323 142 328 146 323 150 319 152 314 153 311 153 306 151 311 144 314 144 318 143 318 148 314 148 311 148
300 148 306 143 311 140 314 141 318 140 323 142 328 146 323 150 318 152 314 152 311 152 306 151 311 144 314 144 318 143 318 147 314 148 311 148
300 147 306 143 311 140 314 141 318 140 323 142 328 146 323 150 318 152 314 152 311 152 306 151 311 143 314 144 318 143 318 147 314 147 311 147
300 147 306 143 311 140 314 141 318 140 323 142 328 146 323 150 319 152 315 152 311 152 306 151 311 143 314 144 318 143 318 147 314 147 311 147
299 147 305 143 311 140 314 141 318 140 323 142 328 146 324 150 319 152 315 153 311 153 305 152 311 144 314 144 318 143 318 148 315 148 311 148
300 147 305 143 311 141 315 141 318 140 323 142 328 146 323 150 319 152 315 152 311 152 305 151 311 144 315 144 318 144 318 147 315 147 311 147
299 147 305 143 311 140 314 141 318 140 323 142 328 146 323 150 318 152 314 152 311 152 305 151 311 144 314 144 318 144 318 147 314 147 311 147
300 146 306 143 311 141 314 142 318 141 323 143 328 145 323 148 319 150 315 151 311 151 306 150 311 145 314 145 318 145 318 145 314 146 311 146
300 146 306 143 311 141 314 142 318 141 323 143 328 145 323 148 319 150 315 150 311 150 306 149 311 145 314 145 318 145 318 145 315 146 311 145
299 147 305 143 311 140 314 141 318 140 323 142 329 145 324 149 319 152 315 152 311 152 305 151 311 145 314 145 318 144 318 146 314 147 311 147
299 147 305 143 311 140 314 140 318 139 323 142 328 146 323 150 319 152 315 152 311 152 306 151 311 143 314 143 318 143 318 146 315 147 311 147
299 147 305 142 311 140 315 140 318 139 323 142 328 145 323 150 319 152 315 152 311 152 305 151 311 143 315 143 318 143 318 147 315 148 311 147
300 147 306 143 311 140 315 140 318 139 323 142 328 145 323 149 319 151 315 151 311 151 306 150 311 144 315 144 319 143 319 145 315 146 311 146
300 146 306 143 311 140 315 141 318 140 323 142 328 145 323 148 319 150 315 150 311 150 306 149 311 144 315 145 318 144 319 144 315 145 311 145
301 147 306 142 312 140 315 141 318 140 323 142 327 145 323 148 319 150 315 151 311 151 306 150 312 144 315 144 318 144 318 145 315 145 312 145
300 146 306 142 312 140 315 140 319 139 324 142 328 145 324 148 319 150 315 151 311 151 306 150 312 144 315 144 319 144 319 145 315 145 312 145
300 146 306 142 311 139 315 140 318 139 323 142 328 145 323 149 319 151 315 151 311 151 306 150 311 144 315 144 318 143 318 145 315 146 311 145
300 146 306 142 312 139 315 140 318 139 323 141 329 145 324 148 319 150 315 151 312 151 306 150 312 143 315 143 318 143 319 145 315 145 312 145
300 146 306 141 312 138 315 140 319 138 324 141 329 144 324 149 319 151 315 151 311 151 306 149 312 143 315 143 319 142 319 145 315 146 312 145
300 146 306 141 312 139 315 139 319 138 324 141 329 145 324 148 319 150 315 151 311 151 306 149 312 143 315 143 319 143 319 145 315 145 312 145
300 146 306 141 312 138 315 139 319 138 324 140 329 144 324 148 319 150 315 150 311 150 306 149 312 142 315 142 319 142 319 144 315 145 312 145
301 145 306 141 312 138 315 139 319 138 324 140 329 144 324 148 319 149 315 150 311 150 306 149 312 142 315 142 319 142 319 144 315 145 312 145
301 145 306 141 312 138 315 139 319 138 324 140 329 144 324 147 319 149 315 150 312 150 306 149 312 142 315 142 319 142 319 144 315 145 312 145
300 146 306 141 312 138 315 139 319 138 324 140 329 144 324 148 319 149 315 150 311 150 306 149 312 142 315 142 319 142 319 144 315 145 312 145
301 146 307 141 312 139 316 140 320 139 324 141 329 144 324 148 320 150 316 150 312 150 307 149 312 143 316 143 320 142 320 145 316 145 312 145
301 146 306 142 312 139 316 140 319 139 324 141 329 145 325 148 320 150 316 151 312 151 307 149 312 143 316 143 319 143 320 145 316 145 312 145
301 146 307 142 312 138 316 140 319 138 324 141 329 145 324 148 320 150 316 151 312 151 307 150 312 143 316 143 319 142 319 145 316 145 312 145
301 146 307 142 312 139 315 140 319 139 324 141 329 145 324 148 320 150 316 150 312 150 307 149 312 143 315 143 319 142 319 145 315 145 312 145
301 146 307 142 312 139 316 140 319 139 324 142 329 145 324 148 320 150 315 150 312 150 307 149 312 143 316 143 319 143 319 145 315 145 312 145
301 146 307 142 312 139 315 140 318 139 323 141 328 145 323 148 319 150 315 150 311 150 306 149 312 143 315 143 318 143 318 145 315 145 312 145
301 146 306 142 312 139 315 140 318 139 322 141 327 144 322 148 318 149 314 150 311 150 306 149 312 143 315 143 318 143 318 144 314 145 311 145
301 146 306 142 312 139 315 140 318 139 323 141 327 144 322 148 318 150 314 150 311 150 306 149 311 143 315 143 318 143 318 144 314 145 311 145
300 145 306 141 311 139 314 139 318 139 322 141 327 144 322 148 318 149 314 150 311 150 305 149 311 143 314 143 318 143 318 144 314 144 311 144
299 145 305 141 311 138 314 139 318 138 322 141 328 144 322 148 318 150 314 150 310 150 305 149 311 143 314 143 318 143 317 144 314 145 310 145
299 145 305 141 310 138 314 139 318 138 323 140 328 144 323 147 318 149 314 149 310 149 305 148 310 142 314 143 318 142 318 143 314 144 310 144
299 145 305 141 311 138 314 139 318 138 323 140 328 144 323 147 318 149 314 149 310 149 305 148 311 142 314 142 318 142 318 144 314 144 311 144
300 145 305 140 311 138 314 139 318 138 323 140 329 144 323 148 318 150 314 150 310 150 305 149 311 142 314 142 318 142 318 145 314 145 310 145
300 145 305 141 311 138 314 139 318 138 324 141 329 145 324 150 319 152 314 152 311 152 305 150 311 142 315 142 318 142 318 147 314 147 311 147
299 145 305 141 311 138 314 139 318 138 324 141 329 145 324 149 319 151 314 152 310 151 305 150 311 142 314 142 318 142 318 146 314 147 311 147
299 145 305 141 311 138 314 139 318 138 324 141 329 145 324 149 319 151 315 151 311 151 305 149 311 142 314 142 318 142 318 146 314 146 311 146
299 145 305 141 310 138 314 139 318 138 324 141 329 145 324 149 319 151 314 152 310 151 305 150 311 142 314 142 318 142 318 146 314 147 310 146
299 146 305 141 311 139 315 139 319 139 324 141 329 145 324 149 319 151 315 151 311 151 305 150 311 142 315 142 319 142 319 146 315 146 311 146
300 146 306 141 312 139 315 139 319 138 324 141 329 145 324 150 319 151 315 152 311 152 306 150 312 143 315 143 319 142 319 146 315 147 312 146
300 146 306 141 312 138 315 139 319 138 324 141 330 145 324 149 319 151 315 152 311 152 306 150 312 142 315 142 319 142 319 146 315 147 311 146
300 146 306 142 311 139 315 140 319 139 324 141 329 145 324 150 319 151 315 152 311 152 306 150 312 143 315 143 319 142 319 146 315 146 311 146
300 146 306 142 311 139 315 140 319 139 324 141 329 145 324 149 319 151 315 152 311 151 306 150 311 143 315 143 319 143 319 146 315 146 311 146
301 147 307 142 312 140 316 140 320 139 324 141 330 145 325 149 320 151 316 151 312 151 307 150 312 144 316 144 320 143 320 146 316 146 312 146
302 146 307 142 312 140 316 141 319 140 324 142 329 145 324 149 320 150 316 151 312 151 307 149 312 143 316 144 320 143 319 145 316 146 312 146
301 147 307 143 312 140 316 141 319 140 324 142 329 145 324 149 320 151 316 151 312 151 307 150 312 144 316 144 319 144 319 145 316 146 312 146
302 147 307 143 312 140 316 141 319 140 324 142 329 145 324 149 320 151 316 151 312 151 307 150 312 144 316 145 319 144 319 145 316 146 312 145
302 146 307 142 312 140 316 141 319 140 324 142 329 145 324 149 319 150 316 151 312 151 307 149 312 144 316 144 319 144 319 145 316 145 312 145
302 146 307 142 312 140 316 141 319 140 324 142 329 145 324 149 320 150 316 151 312 151 307 149 312 144 316 145 319 144 319 145 316 145 312 145
302 146 307 142 313 140 316 141 319 140 324 142 328 145 324 148 320 150 316 151 312 151 307 149 313 144 316 144 319 144 319 145 316 145 312 145
302 146 307 142 313 140 316 141 320 140 324 142 330 145 324 149 320 150 316 151 312 151 307 149 312 144 316 144 320 144 320 145 316 145 312 145
302 146 308 142 313 140 317 141 320 140 325 142 329 145 324 149 320 150 316 151 312 151 307 149 313 144 317 144 320 144 320 145 317 145 313 145
302 146 308 143 313 140 317 141 320 140 325 142 329 146 324 149 320 150 316 151 312 150 307 149 313 144 317 145 320 144 320 145 316 145 313 145
302 146 307 142 313 140 316 141 320 140 325 142 329 145 325 149 320 150 316 151 312 150 307 149 313 144 316 144 320 144 320 145 316 145 313 145
303 146 308 142 313 140 317 141 320 140 325 142 329 146 325 149 320 150 317 151 312 150 307 149 313 144 317 144 320 144 320 145 317 145 313 145
303 146 308 142 314 140 317 141 320 140 325 142 329 145 325 149 320 150 317 151 313 151 308 149 314 144 317 144 320 144 320 145 317 145 313 145
304 146 309 142 314 140 318 141 321 140 325 142 330 145 325 149 321 150 317 151 313 150 309 149 314 144 317 144 321 144 321 145 317 145 314 145
304 146 309 143 314 140 318 141 321 140 325 142 330 145 325 149 321 150 318 151 314 150 309 149 314 144 318 145 321 144 321 145 318 145 314 145
304 146 309 143 314 141 318 142 321 140 326 142 330 145 326 149 322 150 318 151 314 150 309 149 314 145 318 145 321 144 321 145 318 145 314 145
304 147 309 143 314 141 318 142 322 141 326 143 331 146 326 149 322 151 318 152 314 151 309 150 314 145 318 145 322 145 322 145 318 146 314 146
304 147 310 143 315 141 319 142 322 141 327 142 331 146 327 149 322 151 319 152 315 152 309 150 315 145 319 145 322 144 322 146 319 146 315 146
304 147 310 143 315 141 319 142 322 141 327 143 331 146 327 149 323 151 319 152 315 152 310 151 315 145 319 145 322 145 322 146 319 146 315 146
304 147 310 143 315 140 319 141 322 140 326 142 331 146 326 149 322 151 319 152 315 152 309 150 315 145 319 145 322 145 322 146 319 146 315 146
304 147 310 142 316 140 319 141 322 140 327 142 331 146 327 149 323 151 319 152 315 152 310 150 316 144 319 144 322 144 322 146 319 146 315 146
304 147 310 142 315 139 319 140 323 139 327 142 332 146 327 149 323 151 319 152 315 151 309 150 315 144 319 144 323 144 323 145 319 146 315 145
305 146 310 142 315 139 319 140 323 139 327 142 332 146 328 149 323 151 319 152 315 151 310 150 315 144 319 144 323 144 323 145 319 146 315 145
305 147 311 142 316 140 320 140 323 140 328 142 332 146 328 150 323 151 319 152 316 152 310 150 316 144 320 144 323 144 323 145 319 146 316 146
306 146 311 143 317 140 320 141 323 140 328 142 333 145 328 149 324 151 320 151 316 151 311 149 317 145 320 145 323 144 323 145 320 146 317 145
305 146 311 142 317 140 320 141 323 140 328 142 333 145 328 149 324 151 320 151 316 151 311 149 317 144 320 144 323 144 323 145 320 146 317 146
305 146 311 142 317 140 320 141 324 140 328 142 333 145 329 149 324 151 320 151 316 151 311 150 316 144 320 144 324 144 324 145 320 146 317 146
306 146 312 142 317 140 320 141 323 140 328 142 333 145 328 149 324 151 320 151 317 151 311 149 317 144 320 145 324 144 323 145 320 146 317 145
305 146 311 143 317 140 320 141 324 141 328 142 333 145 328 149 324 151 320 151 316 151 311 149 317 145 320 145 324 145 323 145 320 146 317 146
305 147 311 143 317 140 320 141 324 140 329 142 333 146 329 150 324 152 320 153 316 153 311 151 317 144 320 144 324 144 324 147 320 147 317 147
306 147 312 142 318 140 321 141 325 140 329 142 334 145 329 149 325 151 321 151 317 151 312 150 318 144 321 145 324 144 324 145 321 146 318 145
306 146 312 142 317 139 321 140 324 139 329 141 333 145 329 148 324 149 321 150 317 149 312 149 317 143 321 144 324 143 324 144 321 144 317 144
307 145 312 141 318 139 321 140 324 139 329 141 333 144 329 147 324 149 321 149 317 149 312 148 317 143 321 144 324 143 324 144 321 144 317 144
307 145 312 142 318 139 321 140 324 139 329 141 333 145 329 148 325 149 321 150 317 150 312 148 318 143 321 144 324 143 324 144 321 145 318 144
306 146 313 142 318 139 321 140 325 139 329 141 333 145 329 148 325 150 321 151 317 150 312 149 318 144 321 144 324 143 324 145 321 145 318 145
307 146 312 142 318 139 321 140 324 139 329 141 333 145 329 148 325 150 321 151 317 150 312 149 318 143 321 144 324 143 324 145 321 145 318 145
306 146 312 142 318 140 321 141 325 140 329 142 333 145 329 149 325 150 321 151 317 150 312 149 318 144 321 144 325 144 324 145 321 145 318 145
306 146 312 142 318 139 321 140 324 139 329 142 333 145 329 149 324 151 321 151 317 151 312 149 318 144 321 144 324 143 324 145 321 145 318 145
306 146 312 142 318 139 321 141 324 140 329 142 333 145 329 149 324 151 321 151 317 151 312 150 317 144 321 144 324 144 324 145 321 146 317 145
306 146 312 142 317 140 321 141 324 140 329 142 333 145 329 149 324 151 321 151 317 151 312 150 317 144 321 144 324 144 324 145 321 146 317 145
306 146 312 142 317 139 321 141 324 139 328 142 333 145 328 149 324 151 320 152 317 151 312 150 317 144 320 144 324 144 324 145 320 146 317 146
306 146 312 142 317 140 320 141 324 140 328 142 333 145 328 149 324 151 320 152 317 151 312 150 317 144 320 145 324 144 324 145 320 146 317 145
306 147 312 143 317 140 320 141 324 140 328 142 333 146 328 149 324 152 320 152 316 152 311 151 317 144 320 145 324 144 324 146 320 146 317 146
306 147 312 142 317 140 320 141 324 140 328 142 333 146 328 150 324 152 320 152 317 152 312 150 317 144 320 144 324 144 324 146 320 146 317 146
306 147 311 142 317 140 320 141 324 140 328 142 332 146 328 150 324 153 320 153 316 153 311 151 317 144 320 144 324 144 324 147 320 147 316 147
305 147 311 142 317 140 320 141 324 140 329 142 333 146 329 151 324 153 320 153 316 153 311 152 317 144 320 144 324 144 324 147 320 147 317 147
305 148 310 143 316 140 320 141 324 140 329 143 333 147 329 151 324 153 320 154 316 154 310 152 316 145 320 145 324 144 324 148 320 148 316 148
305 148 311 143 316 140 320 141 323 140 328 143 333 147 329 152 324 154 320 154 316 154 310 153 316 145 320 145 323 145 324 148 320 148 316 148
305 148 310 144 316 141 320 142 324 141 329 144 333 148 329 152 324 154 320 155 315 155 310 153 316 145 320 145 324 145 324 148 320 149 316 149
305 149 311 144 317 142 321 142 324 141 329 144 333 148 329 152 325 154 320 155 316 155 311 153 317 146 321 146 324 146 324 149 320 149 317 149
305 149 311 146 317 143 320 144 324 143 329 145 333 149 329 153 324 154 320 155 316 155 310 153 317 148 320 148 324 148 324 149 320 149 316 149
305 150 311 146 317 143 320 144 324 143 328 146 333 149 328 153 324 155 320 156 316 156 311 154 317 148 320 148 324 148 324 150 320 150 317 150
305 150 311 147 317 144 321 145 324 144 329 146 333 150 329 153 324 155 321 156 316 156 311 154 317 149 321 149 324 148 324 150 321 151 317 150
305 150 311 147 317 144 321 145 324 144 329 146 333 150 329 153 324 155 321 156 316 155 311 154 317 148 321 149 324 148 324 150 321 150 317 150
305 150 312 146 317 143 321 144 325 143 329 146 334 149 329 153 324 156 321 156 316 156 311 154 317 148 321 148 325 148 324 150 321 150 317 150
305 150 312 146 318 143 321 144 325 143 329 146 334 149 329 153 325 155 321 156 317 156 311 154 318 148 321 148 325 148 324 150 321 150 317 150
306 150 312 146 318 143 321 145 325 144 330 146 334 149 329 153 325 155 321 156 317 156 311 154 318 148 321 148 325 148 325 149 321 150 317 150
305 150 311 146 317 144 321 145 325 144 329 146 334 150 329 154 325 156 320 156 316 156 311 154 317 148 321 149 325 148 324 150 321 150 317 150
306 151 312 147 317 145 321 146 325 145 329 147 334 150 329 154 324 156 320 157 317 156 311 155 317 148 321 149 325 148 324 151 321 151 317 151
306 151 312 147 317 144 321 145 325 144 329 147 334 150 329 154 325 156 321 156 317 156 311 155 317 148 321 149 325 148 325 150 321 151 317 151
306 151 312 147 317 144 321 145 324 144 329 147 333 150 329 154 324 156 320 156 316 156 311 155 317 149 321 149 324 148 324 150 321 151 317 151
306 150 312 146 317 144 321 145 325 144 329 146 334 150 329 154 325 156 320 156 316 156 312 154 317 148 321 148 325 148 325 150 321 151 317 150
306 150 312 146 318 144 321 145 325 144 330 146 334 149 329 153 325 155 321 156 317 155 312 154 318 148 321 148 325 148 325 150 321 150 318 150
307 150 313 146 318 144 322 145 326 144 330 146 335 149 330 153 326 155 321 155 317 155 312 153 318 148 322 148 326 148 325 149 322 150 318 149
307 149 313 145 319 142 322 144 326 143 331 145 335 149 330 153 326 155 322 155 318 155 312 153 318 147 322 148 326 147 325 149 322 149 318 149
306 149 313 145 319 142 322 143 326 142 331 145 336 149 331 152 326 155 322 155 317 155 312 153 318 147 322 147 326 147 326 149 322 149 318 149
307 148 313 144 319 141 323 143 326 142 331 144 336 148 331 152 326 154 322 154 318 154 313 152 319 146 322 146 326 146 326 148 322 149 319 149
308 147 314 144 319 142 323 144 327 143 331 144 336 147 331 150 326 152 322 152 318 152 313 150 319 146 323 147 327 146 326 146 322 147 319 147
308 146 314 144 320 142 323 143 326 142 331 144 336 146 331 150 326 151 322 152 319 152 313 150 319 146 323 146 326 146 326 146 323 147 319 146
307 146 314 143 319 141 323 142 326 141 331 143 336 146 331 149 326 151 322 151 318 151 313 150 319 145 322 146 326 145 326 146 322 146 319 146
307 146 314 143 319 141 323 142 327 141 331 143 336 146 331 150 326 151 322 152 318 151 313 150 319 145 323 145 326 145 326 146 322 147 319 146
307 146 313 142 319 140 323 141 326 140 331 143 336 146 331 149 326 151 322 152 318 151 313 150 319 144 322 144 326 144 326 146 322 147 319 146
308 146 313 142 319 140 322 141 326 140 330 142 335 146 330 149 326 151 322 151 318 151 313 149 319 143 322 144 326 143 326 146 322 146 319 146
307 146 313 142 319 139 322 141 325 140 330 142 335 146 330 150 325 151 321 152 318 151 312 150 318 144 322 144 325 144 325 146 322 146 318 146
307 146 313 142 318 139 322 140 325 140 330 142 335 145 330 149 325 151 322 151 318 151 312 149 318 143 322 144 325 143 325 145 322 146 318 146
306 146 312 142 318 139 322 141 325 140 330 142 335 145 330 149 325 151 321 151 317 151 312 149 318 144 321 144 325 144 325 146 321 146 318 146
306 146 312 142 318 139 321 141 325 140 329 142 334 145 329 149 325 151 321 151 317 151 312 149 318 144 321 144 324 144 324 145 321 146 318 145
306 146 312 142 318 139 321 140 324 140 329 142 334 145 329 149 324 151 320 151 317 151 312 149 317 143 321 144 324 143 324 145 321 146 317 145
306 145 312 142 317 140 320 141 324 140 328 142 333 145 328 149 324 151 320 151 317 151 311 149 317 144 320 144 324 144 324 145 320 146 317 145
305 145 311 143 317 140 320 141 323 141 328 142 333 145 328 148 323 150 320 150 316 150 311 148 316 144 320 145 323 144 323 144 320 145 316 145
305 145 311 142 316 140 320 141 323 141 328 142 333 145 328 148 323 150 319 150 316 150 311 148 316 144 320 145 323 145 323 144 320 145 316 144
305 146 311 143 316 140 320 141 323 141 328 143 333 146 328 149 323 151 319 151 316 151 311 149 316 145 320 145 323 145 323 146 320 146 316 145
306 148 311 143 317 140 321 142 324 141 329 143 333 147 329 152 324 154 320 154 316 154 310 152 317 145 320 145 324 145 324 148 320 149 317 148
307 147 312 143 318 140 321 141 325 140 330 143 334 146 330 151 325 153 321 153 317 153 312 151 318 145 321 145 325 145 325 147 321 147 318 147
307 145 313 142 318 140 321 141 324 140 329 142 334 145 329 148 324 149 321 150 317 149 313 148 318 144 321 144 324 144 324 144 321 145 318 144
307 145 313 142 318 140 321 141 325 140 329 142 334 145 329 148 325 149 321 150 317 149 312 148 318 144 321 144 325 144 324 144 321 145 318 144
308 144 313 141 318 139 322 140 325 139 330 141 335 144 330 148 325 149 322 149 318 149 313 148 318 143 322 144 325 143 325 143 322 144 318 143
307 144 313 140 318 138 322 139 325 139 330 140 334 144 330 146 325 148 321 148 317 148 312 146 318 142 322 143 325 142 325 142 321 143 318 142
307 144 313 140 318 137 322 138 325 137 330 140 334 144 330 147 325 148 321 149 317 148 312 147 318 142 322 142 325 142 325 143 321 143 318 143
307 145 313 140 318 138 321 139 325 138 329 140 334 144 329 147 325 149 321 149 317 149 312 148 318 143 321 143 325 142 325 143 321 144 318 144
306 145 313 141 318 139 321 140 325 139 329 141 333 145 329 148 324 150 320 150 317 150 312 149 318 143 321 143 324 143 324 144 321 145 317 144
306 146 312 142 317 139 321 141 324 140 328 142 333 145 328 149 324 151 320 151 317 151 311 149 317 144 320 144 324 144 324 145 320 146 317 145
305 146 311 142 316 140 320 141 323 140 327 142 331 146 327 149 322 151 319 152 316 151 311 150 316 144 319 144 322 144 322 146 319 146 316 146
305 146 311 142 316 140 319 141 323 140 327 142 331 146 327 149 323 151 319 152 315 152 310 150 316 144 319 144 322 144 322 146 319 146 316 146
304 146 309 142 315 139 319 140 322 139 327 142 332 146 327 150 322 152 319 152 314 152 309 150 315 144 319 144 322 144 322 146 319 147 315 146
304 146 310 142 315 139 319 140 322 139 327 141 332 146 327 150 323 152 319 152 315 152 309 150 315 143 319 144 322 143 322 146 319 146 315 146
303 146 309 141 315 139 319 140 322 139 327 141 332 145 327 149 322 151 318 151 314 151 309 149 315 143 319 143 322 143 322 145 319 146 315 146
304 146 310 141 315 139 319 140 322 139 327 141 332 145 327 149 322 151 319 151 315 150 309 149 315 143 319 143 322 143 322 145 319 145 315 145
303 145 309 141 315 139 319 140 322 139 327 141 332 145 327 149 322 151 319 151 315 151 309 149 315 143 319 143 322 143 322 145 319 146 315 145
304 146 310 142 315 139 319 140 322 139 327 141 332 145 327 149 323 151 319 151 315 151 309 150 315 144 319 144 322 143 323 145 319 146 315 145
304 147 310 142 315 140 319 141 322 140 327 142 332 146 327 150 323 152 319 152 315 152 309 151 315 144 319 144 322 144 322 146 319 147 315 147
304 147 309 143 315 140 319 141 322 140 327 143 332 147 327 150 323 152 319 152 314 152 309 151 315 145 319 145 322 144 322 147 319 147 315 147
304 148 310 143 315 140 319 141 322 140 327 143 332 147 327 150 323 152 319 153 315 152 309 151 315 145 319 145 322 145 322 147 319 147 315 147
304 147 310 143 316 141 319 142 322 141 327 143 332 147 327 151 322 152 319 153 315 153 310 151 315 145 319 146 322 145 322 147 319 147 315 147
304 147 310 144 316 142 319 143 322 142 326 144 331 147 326 150 322 152 318 152 315 152 310 151 315 146 319 146 322 146 321 146 318 147 315 146
304 147 310 144 316 141 319 142 322 142 326 144 331 147 326 150 322 152 318 152 315 152 310 151 315 145 319 146 322 146 322 146 319 147 315 146
304 147 310 143 315 141 319 142 322 141 327 143 332 147 327 150 322 152 319 152 315 152 310 151 315 145 319 145 322 145 322 146 319 147 315 146
304 147 310 143 315 140 319 141 322 140 327 143 332 146 327 150 322 152 318 152 315 152 309 151 315 145 319 145 322 145 322 146 319 147 315 146
303 147 309 143 315 140 319 141 322 141 327 143 332 147 327 151 322 152 318 153 314 152 309 151 315 144 318 144 322 144 322 147 318 147 315 147
302 147 309 143 315 140 318 141 322 141 327 143 331 147 326 151 322 152 318 153 314 152 308 151 315 144 318 145 322 144 322 147 318 147 314 147
303 147 309 143 315 140 318 141 322 141 327 143 331 147 326 151 322 153 318 153 314 152 309 151 315 144 318 144 322 144 322 147 318 147 314 147
302 147 309 143 315 141 318 141 322 141 327 143 331 147 326 151 322 153 318 153 314 153 308 151 315 144 318 145 322 144 322 147 318 148 314 147
302 147 309 143 314 141 318 142 321 141 326 143 331 147 326 151 321 153 317 153 313 153 308 151 314 144 318 145 321 144 321 148 318 148 314 148
302 146 308 143 314 141 318 142 322 141 326 143 331 147 326 150 321 152 317 152 313 152 308 150 314 144 318 145 322 145 321 147 317 147 314 147
301 146 308 143 314 141 318 142 322 141 326 143 331 147 326 150 321 152 317 152 313 152 308 151 314 145 318 145 321 145 321 147 318 147 314 147
302 147 308 143 314 141 318 141 321 140 326 143 331 147 326 151 321 153 317 154 313 153 308 152 314 144 318 144 321 144 321 148 317 148 314 148
302 147 308 143 314 141 318 142 322 141 327 143 332 148 326 152 321 154 317 154 313 154 308 152 314 144 318 145 322 145 321 149 318 149 314 149
302 146 308 143 314 141 317 142 321 141 325 144 331 146 325 150 320 151 317 151 313 151 308 149 314 145 317 146 321 145 320 146 317 146 314 146
302 146 308 143 314 141 317 142 320 141 325 143 331 146 325 149 320 151 317 151 313 151 308 150 314 145 317 146 320 145 320 146 317 146 313 146
302 146 308 143 313 141 317 143 320 142 325 143 331 146 325 149 320 151 317 151 313 151 308 149 313 146 317 146 320 146 320 146 317 146 313 146
302 147 308 144 314 141 317 142 321 141 325 143 331 147 325 150 321 152 317 152 313 152 308 150 313 146 317 146 321 146 320 146 317 147 313 146
301 147 307 143 313 140 317 142 320 141 325 143 330 147 325 151 320 152 316 153 312 152 307 151 313 145 317 145 320 145 320 147 317 147 313 147
301 147 307 143 313 140 317 142 320 141 325 143 331 147 325 151 320 153 316 153 312 153 307 151 313 145 317 145 320 145 320 147 317 148 313 147
302 147 308 143 314 141 317 142 321 141 326 143 331 147 326 151 321 152 317 153 313 152 307 151 313 145 317 145 321 145 321 147 317 147 313 147
301 147 308 143 313 141 317 142 320 141 325 143 331 147 325 150 321 152 317 153 313 152 307 151 313 145 317 145 320 145 320 147 317 147 313 147
302 147 308 143 313 141 317 142 321 141 326 143 331 147 325 151 321 152 317 153 313 152 307 151 313 145 317 145 321 145 321 147 317 147 313 147
301 147 307 143 313 141 317 142 320 141 325 143 331 147 325 151 321 153 317 153 313 153 307 151 313 145 317 145 320 145 320 147 317 147 313 147
301 147 307 143 313 140 317 142 320 141 325 143 331 147 325 151 320 153 317 153 312 153 307 151 313 144 317 145 320 144 320 147 317 148 313 148
302 147 308 144 313 141 317 142 320 141 325 144 330 147 325 151 320 153 316 153 313 153 307 152 313 145 317 145 320 145 320 148 317 148 313 148
301 148 308 144 313 141 317 142 321 141 326 144 331 148 326 152 321 154 317 154 313 154 307 152 313 145 317 146 321 145 321 149 317 149 313 149
301 149 307 144 313 142 317 143 320 142 325 144 330 148 325 152 320 154 316 155 312 154 307 153 313 146 317 146 320 146 320 149 316 149 313 149
302 149 307 144 313 142 317 143 320 142 326 144 331 148 326 153 321 155 317 155 313 155 307 153 313 145 317 146 320 145 320 150 317 150 313 150
302 149 307 145 313 142 317 143 320 142 326 145 331 149 326 153 321 156 317 156 313 156 307 154 313 146 317 147 321 146 321 150 317 151 313 151
302 150 307 145 313 142 317 143 321 142 326 145 331 149 326 154 321 156 317 157 313 156 307 154 313 147 317 147 321 147 321 151 317 151 313 151
303 150 308 145 314 142 317 143 321 142 326 145 331 149 326 154 321 156 317 156 313 156 308 154 314 147 317 147 321 147 321 150 317 150 314 150
303 150 308 145 314 142 318 143 321 142 326 145 331 149 326 154 321 156 317 156 313 156 308 154 314 147 318 147 321 147 321 150 317 150 314 150
303 150 308 145 314 143 318 143 321 143 326 145 331 149 326 154 321 156 317 156 313 156 308 154 314 146 318 146 321 146 321 150 318 150 314 150
303 150 308 145 314 143 318 144 321 143 326 145 331 149 326 155 321 157 317 157 313 157 308 155 314 147 317 147 321 147 321 151 318 151 314 151
303 150 308 145 313 142 317 143 321 142 326 145 330 149 326 155 321 158 317 158 313 157 307 155 313 147 317 147 321 147 321 151 317 151 313 151
302 149 307 145 313 142 317 143 321 142 326 145 331 149 326 155 321 157 317 157 313 157 307 155 313 147 317 147 321 147 321 151 317 151 313 151
303 149 308 144 314 141 317 143 321 142 326 144 331 148 326 153 321 155 317 156 313 155 308 153 314 146 317 146 321 146 321 149 317 149 313 149
302 148 308 144 313 141 317 142 320 141 325 144 330 147 325 152 320 153 317 154 313 153 308 152 313 146 317 146 320 145 320 148 317 148 313 148
303 147 308 143 314 141 317 142 320 141 325 143 330 147 325 151 321 152 317 153 313 152 308 151 314 145 317 145 320 145 320 147 317 147 313 147
303 147 308 142 313 140 317 141 320 140 325 142 330 146 325 150 320 152 317 153 313 152 308 151 313 143 317 144 320 144 320 147 317 147 313 147
302 146 307 142 313 139 316 140 319 139 324 142 329 146 324 149 320 151 316 151 312 151 307 150 313 143 316 143 319 143 320 146 316 146 313 146
301 146 306 142 311 140 315 141 319 140 324 142 329 145 324 149 320 151 315 151 311 151 306 149 311 144 315 144 319 144 319 145 316 146 312 145
300 145 306 142 311 140 315 141 318 140 323 142 328 145 323 148 318 150 314 151 310 150 305 149 311 144 314 144 318 144 318 145 315 145 311 145
300 146 305 142 311 140 314 141 317 140 322 142 327 145 322 149 318 151 314 151 310 151 305 149 311 144 314 144 317 144 317 145 314 146 311 145
300 146 305 142 310 139 313 140 317 140 322 142 327 146 322 150 317 152 313 152 310 152 305 150 310 144 313 144 317 143 317 146 313 147 310 146
299 147 305 142 310 140 313 141 317 140 322 142 327 146 322 149 317 151 313 152 310 152 305 150 310 144 313 144 317 144 317 146 313 146 310 146
299 147 304 142 309 140 312 141 316 140 321 142 326 147 321 150 316 152 312 153 308 153 303 151 309 143 312 144 316 143 316 147 312 148 309 148
298 148 303 143 308 140 312 141 316 140 321 143 325 147 321 151 316 153 312 153 308 153 303 151 308 144 312 144 316 144 316 147 312 148 308 147
298 147 303 143 307 141 311 142 315 141 319 143 325 146 320 150 315 151 311 152 307 152 303 150 307 145 311 145 315 145 315 146 311 147 308 146
297 146 302 143 307 141 310 142 314 141 319 143 325 145 319 149 314 150 311 151 307 151 302 149 307 145 310 145 314 145 314 145 311 145 307 145
297 146 302 143 307 141 310 142 314 141 319 143 324 145 319 148 314 150 310 151 306 150 302 149 307 145 310 145 314 145 314 145 310 145 307 145
296 147 302 143 307 140 310 141 314 140 319 142 325 145 319 149 315 151 310 151 307 151 302 150 307 144 310 144 314 144 314 146 310 146 307 146
296 147 302 143 307 140 310 141 314 139 319 142 325 145 320 149 315 152 311 152 307 152 302 151 307 144 310 144 314 143 314 146 310 147 307 146
295 147 301 143 306 140 310 140 314 139 319 141 325 145 320 149 314 151 310 152 306 152 301 151 306 144 310 143 314 143 314 146 310 146 306 146
295 147 300 142 305 139 309 140 313 139 318 142 325 145 319 150 313 151 309 152 305 152 300 151 305 144 309 144 313 144 313 146 309 146 306 146
295 146 299 142 305 139 308 140 312 139 317 141 323 145 318 149 312 151 309 151 305 151 300 150 305 143 308 143 312 143 312 145 308 146 305 146
294 146 299 141 305 139 308 139 312 138 317 141 323 145 318 149 312 151 308 151 305 151 299 150 305 143 308 143 312 143 312 145 308 146 305 146
295 146 300 141 305 139 308 139 312 138 317 141 323 145 318 149 313 150 309 151 305 151 300 149 305 143 308 143 312 142 312 145 309 146 305 146
295 146 300 142 305 139 308 140 312 139 317 141 323 145 317 148 312 150 308 150 305 150 300 149 305 143 308 143 312 142 312 145 308 146 305 145
295 146 300 142 305 139 308 140 312 139 317 141 322 145 317 148 312 150 308 150 305 150 300 149 305 143 308 143 312 143 312 144 308 145 305 145
295 146 300 142 305 140 308 140 312 139 317 141 322 145 317 149 312 150 308 151 304 151 300 149 305 144 308 144 312 143 312 145 308 145 305 145
294 146 299 142 304 140 308 141 312 139 316 141 322 145 316 148 312 150 308 151 304 150 299 149 304 144 308 144 312 143 311 145 308 145 304 145
294 146 299 142 304 140 308 140 311 139 316 141 321 145 316 148 312 150 308 151 304 150 299 149 304 144 308 144 311 143 311 145 308 145 304 145
294 146 299 142 304 140 308 140 311 139 316 141 322 145 316 148 311 150 308 151 304 151 299 149 304 144 308 144 311 143 311 145 308 145 304 145
294 146 299 142 304 140 307 141 311 140 316 141 321 145 316 148 311 150 307 151 303 151 299 150 304 144 307 144 311 143 311 145 307 145 304 145
294 147 299 142 304 140 307 141 311 140 316 141 321 145 316 149 311 151 307 151 304 151 299 150 304 144 307 144 311 143 311 145 307 146 304 146
294 147 298 143 304 140 307 141 310 140 315 142 321 145 316 150 311 152 307 152 303 152 298 151 304 145 307 145 311 144 311 146 307 147 304 146
294 148 298 143 303 141 307 142 310 140 315 142 321 146 316 150 311 152 307 152 303 152 299 151 303 145 307 145 310 145 310 146 307 147 303 147
293 148 298 143 303 141 307 142 310 141 315 143 321 146 315 150 310 152 306 153 303 152 298 151 303 145 307 145 310 144 310 147 306 147 303 147
293 148 298 144 303 141 306 142 310 140 315 143 320 146 315 150 310 152 307 153 303 153 298 151 303 145 306 145 310 145 310 147 307 148 303 147
294 148 298 143 303 141 307 142 310 141 315 142 320 146 315 150 310 152 307 153 303 153 298 152 303 145 307 145 310 144 310 147 307 148 303 147
294 148 298 143 303 141 307 142 310 141 315 143 320 146 315 151 310 152 307 153 303 153 298 151 303 145 307 145 310 145 310 147 307 147 303 147
294 148 299 143 304 140 307 141 310 140 315 142 320 146 315 150 310 152 307 153 303 153 299 151 304 145 307 145 310 144 310 147 307 147 304 147
294 148 299 143 304 140 307 141 310 140 315 142 320 146 315 150 311 152 307 152 304 152 299 151 304 145 307 145 310 145 310 146 307 146 304 146
294 147 299 143 303 140 307 141 310 140 314 142 319 146 314 150 310 151 307 152 303 152 299 150 303 144 307 144 310 144 310 146 306 146 303 146
294 147 299 143 303 140 307 140 310 139 314 142 319 146 314 149 310 151 307 151 303 151 299 150 303 144 307 144 310 144 310 145 307 146 303 146
296 147 300 143 304 139 307 140 310 139 314 142 319 146 314 150 310 151 307 152 304 152 300 151 304 144 307 144 310 144 310 146 307 146 304 146
295 148 299 143 304 140 307 141 310 140 315 142 319 146 315 150 311 152 307 153 304 153 299 151 304 145 307 145 310 145 310 146 307 147 304 146
296 148 299 143 304 140 307 141 310 139 315 142 320 147 315 151 311 153 307 154 304 154 300 152 304 145 307 145 310 144 310 147 307 147 304 147
296 149 299 143 304 140 307 141 310 140 315 142 320 147 316 151 311 153 308 154 304 154 300 152 304 145 307 145 310 145 311 147 307 147 304 147
295 148 299 143 304 140 307 140 311 140 316 142 321 147 316 151 311 152 308 153 304 153 300 151 304 144 307 144 311 144 311 147 307 147 304 147
294 148 299 143 304 139 307 140 310 139 316 142 321 147 316 151 311 153 308 153 304 153 299 152 304 144 307 144 311 143 311 147 307 148 304 148
294 148 299 143 304 140 307 140 311 140 316 142 321 147 316 151 311 153 307 153 304 153 299 152 304 144 307 144 311 144 311 148 307 148 304 148
294 148 299 143 304 140 307 141 310 140 316 142 322 147 316 151 311 152 308 153 304 153 299 151 304 144 307 144 311 143 311 147 307 147 304 147
294 148 299 143 304 140 307 141 311 140 316 142 322 147 316 151 311 153 308 153 304 153 299 152 304 144 307 144 311 144 311 147 307 148 304 148
294 148 299 143 304 140 307 141 311 140 316 142 322 146 316 151 311 153 308 153 304 153 299 152 304 144 307 144 311 143 311 148 307 148 304 148
293 148 299 143 304 140 308 141 311 140 316 142 322 147 317 151 312 153 308 153 304 153 299 152 304 144 308 144 311 143 311 148 308 148 304 148
294 148 299 143 304 140 307 141 311 140 316 142 322 147 317 151 312 153 308 153 304 153 299 152 304 144 307 144 311 143 311 148 307 149 304 148
293 148 298 143 304 140 307 141 311 140 316 143 322 147 317 151 312 153 308 153 303 153 298 152 304 144 307 144 311 144 311 148 307 149 304 148
293 148 298 143 304 140 307 141 311 140 316 142 322 147 316 151 311 153 308 153 304 153 299 152 304 144 307 144 311 143 311 148 307 148 304 148
294 148 299 143 304 141 307 142 311 141 316 143 322 146 316 151 312 153 308 153 304 153 299 152 304 145 307 145 311 144 311 147 307 148 304 148
294 147 299 144 303 142 307 143 310 142 315 144 322 146 316 150 311 151 307 152 304 151 299 150 304 146 307 146 310 146 310 146 307 147 304 146
294 147 299 144 304 142 307 143 310 142 315 144 322 146 316 150 311 151 307 152 304 151 299 150 304 146 307 146 311 146 310 146 307 147 304 147
295 148 299 144 304 142 308 143 311 141 317 143 323 146 317 151 312 152 308 153 305 153 300 152 305 146 308 146 312 145 312 148 308 148 305 148
294 149 299 145 304 142 308 143 311 141 317 143 323 147 317 151 312 153 308 153 304 153 299 152 304 146 308 146 311 146 312 148 308 148 304 148
295 148 299 144 304 141 308 143 312 141 317 144 323 147 318 151 312 153 308 154 304 154 299 152 304 146 308 146 312 145 312 148 308 149 304 149
294 149 299 144 304 142 308 142 311 141 317 143 323 147 317 151 312 153 308 154 304 154 299 153 304 146 308 145 311 145 311 148 308 149 304 149
294 149 299 144 304 141 307 142 311 141 316 143 322 147 316 152 311 154 308 154 304 154 299 153 304 145 307 145 311 145 311 149 307 149 304 149
295 149 300 144 304 142 308 143 311 142 316 143 321 147 316 151 312 153 308 154 304 154 300 152 304 146 308 146 311 145 311 148 308 149 304 148
296 149 300 145 304 142 307 143 311 142 315 144 320 147 315 151 311 153 308 154 304 154 300 152 304 146 308 146 311 146 311 148 308 148 304 148
297 149 301 145 305 142 307 143 310 142 315 144 320 148 315 152 311 154 308 155 304 154 301 153 305 147 308 147 310 146 310 148 307 149 305 148
297 150 300 146 304 143 307 144 310 143 315 145 319 149 315 153 311 155 308 155 305 155 301 154 305 147 307 148 310 147 310 149 308 149 305 149
296 150 300 146 304 143 307 144 310 143 315 145 319 149 315 153 311 155 308 156 304 156 300 154 304 148 307 148 310 147 310 149 307 149 304 149
296 150 300 146 304 143 307 144 310 143 315 145 319 149 315 153 311 155 308 156 304 156 300 154 304 148 307 148 310 147 311 149 307 150 304 149
295 150 299 146 304 142 307 143 310 142 315 145 320 149 315 153 311 155 307 156 304 156 300 154 304 147 307 147 310 147 310 149 307 150 304 149
295 149 299 145 304 142 308 143 311 142 316 144 322 148 316 152 312 154 308 155 304 154 299 153 304 146 308 146 311 146 311 148 308 148 304 148
295 149 299 145 304 142 308 143 311 141 316 144 322 148 316 152 312 154 308 154 304 154 299 153 304 146 308 146 311 146 311 148 308 148 304 148
294 149 299 145 304 142 308 143 311 142 316 144 322 147 316 152 312 154 308 154 304 154 299 152 304 147 308 147 311 146 311 148 308 148 304 148
294 149 299 145 304 142 307 143 311 142 316 144 322 147 316 152 312 154 308 154 304 154 299 153 304 146 308 146 311 146 311 148 308 149 304 149
294 149 299 145 304 142 308 143 311 141 316 144 322 147 317 151 312 153 308 154 304 154 299 153 304 146 308 146 312 145 312 148 308 148 304 148
294 149 299 145 304 142 308 142 311 141 316 144 322 147 317 151 312 153 308 154 304 154 299 153 304 146 308 146 311 145 311 148 308 149 304 148
294 149 299 145 304 142 308 143 312 141 317 144 322 147 317 151 312 153 308 154 304 154 299 153 305 146 308 146 312 145 312 148 308 148 305 148
294 149 299 145 304 142 308 142 311 141 317 143 322 147 317 152 312 154 308 154 304 154 299 153 304 146 308 145 311 145 312 148 308 149 304 149
294 149 299 145 304 142 308 143 311 142 317 144 322 147 317 152 312 154 308 155 304 155 299 153 304 146 308 146 312 146 312 148 308 149 304 149
294 149 299 145 305 142 308 142 311 141 317 143 323 147 317 152 312 154 308 155 305 155 299 153 305 146 308 146 312 145 312 149 308 149 305 149
294 149 299 145 305 142 308 143 311 142 317 144 323 147 317 152 312 154 308 155 305 155 299 153 305 146 308 146 312 146 312 149 308 149 305 149
294 149 299 145 305 142 308 143 312 142 317 144 323 148 317 152 312 154 308 155 304 155 299 153 305 146 308 146 312 146 312 149 308 150 305 149
295 150 300 146 306 143 309 144 313 143 318 145 324 149 318 153 313 155 309 155 305 155 300 154 306 147 309 147 313 146 313 150 309 150 305 150
296 152 301 148 306 145 310 146 313 145 319 147 324 151 319 155 314 157 310 158 306 157 301 156 306 149 310 149 314 148 314 152 310 153 306 153
296 152 302 148 307 145 310 146 314 145 319 147 325 151 320 155 315 157 311 158 307 157 302 156 307 149 310 149 314 148 314 152 311 153 307 153
297 152 302 148 307 146 311 146 314 145 320 147 326 151 320 155 315 157 311 158 307 158 302 156 307 149 311 149 315 149 315 152 311 153 307 153
297 153 302 149 307 146 311 147 314 146 320 148 325 151 320 156 315 158 311 159 307 158 302 157 307 150 311 150 314 149 315 153 311 154 307 154
297 152 303 149 307 147 311 148 314 147 319 148 325 150 319 154 315 156 311 157 307 156 303 155 307 151 311 151 314 150 315 151 311 152 307 151
297 152 302 149 307 147 311 148 314 147 319 148 325 150 320 155 315 156 311 157 307 157 303 156 307 150 311 151 314 150 315 151 311 152 307 152
297 151 302 149 307 147 311 148 314 147 319 148 325 150 320 154 315 155 311 156 307 156 302 155 307 150 311 151 314 150 314 151 311 151 307 151
297 151 302 148 307 147 311 148 314 147 319 148 325 149 319 153 315 155 311 156 307 155 302 154 308 150 311 150 314 150 314 150 311 151 308 151
296 151 302 148 307 146 311 147 314 146 319 147 325 149 320 154 315 156 311 156 307 156 302 155 307 150 311 150 314 149 315 151 311 151 307 151
296 151 302 148 307 146 311 146 314 145 320 147 325 150 320 154 315 156 311 157 307 157 302 156 307 149 311 149 314 149 314 151 311 152 307 152
296 151 302 148 307 145 310 146 314 145 320 147 325 149 320 154 315 155 311 156 307 156 302 155 307 149 311 149 314 148 314 151 311 151 307 151
296 151 301 148 306 145 310 146 314 145 319 147 325 150 320 154 315 155 310 156 306 156 302 155 306 149 310 149 314 148 314 150 310 151 306 151
296 151 301 148 306 145 310 146 314 145 319 147 325 149 320 153 314 155 310 155 306 155 301 154 306 149 310 149 314 148 314 150 310 150 306 150
296 151 302 147 307 145 310 146 314 145 319 146 325 149 319 153 314 155 311 155 307 155 302 154 307 149 310 149 314 148 314 150 310 150 307 150
296 150 302 147 307 145 310 146 313 145 319 147 325 149 319 153 314 154 310 155 307 155 302 153 307 149 310 149 314 148 314 149 310 150 307 150
296 150 301 147 306 146 310 146 314 145 319 147 325 148 319 153 314 154 310 155 307 154 302 153 306 149 310 149 314 149 314 149 310 150 307 149
296 150 301 148 306 145 310 146 314 145 319 147 325 149 319 153 314 154 310 155 306 155 301 154 306 149 310 149 314 149 314 149 310 150 306 150
296 150 301 147 306 145 310 146 313 144 319 146 325 149 319 153 314 155 310 156 307 156 301 154 306 148 310 149 313 148 314 150 310 151 307 151
296 150 301 147 307 145 310 145 314 145 319 146 325 149 320 153 315 155 311 156 307 155 302 154 307 149 310 149 314 148 314 150 311 150 307 150
296 150 301 147 306 144 310 145 314 144 319 146 325 148 320 153 315 154 310 155 307 155 301 154 306 148 310 148 314 147 314 150 310 150 307 150
296 150 301 147 306 144 310 145 314 144 319 146 325 148 320 153 315 154 311 155 307 155 302 154 307 148 310 148 314 147 314 149 310 150 307 150
296 150 302 147 307 144 311 145 314 143 320 145 325 148 320 153 315 154 311 155 307 155 302 154 307 147 311 148 314 147 315 150 311 150 307 150
296 150 302 147 307 144 310 145 314 144 319 146 325 148 320 153 315 155 311 155 307 155 302 154 307 148 310 148 314 147 315 150 311 150 307 150
296 150 302 147 307 144 311 145 314 144 319 146 325 148 320 153 315 155 311 155 307 155 302 154 307 148 311 148 315 148 315 150 311 150 307 150
296 150 302 147 307 144 311 145 315 144 320 146 326 148 320 153 315 154 311 155 307 155 302 154 307 148 311 148 315 148 315 149 311 150 307 150
297 150 302 147 308 145 311 145 315 144 321 146 326 148 321 153 316 154 312 155 308 155 302 154 308 148 311 148 315 147 316 149 312 150 308 150
297 150 303 147 308 145 311 145 315 144 321 146 327 149 321 153 316 155 312 155 308 155 303 154 308 149 312 149 316 148 316 150 312 150 308 150
298 150 303 147 309 145 312 146 316 145 321 146 327 149 322 153 317 155 312 156 309 156 303 154 309 149 312 149 316 148 316 150 312 151 309 150
298 151 304 147 309 145 313 146 316 145 321 146 327 149 322 154 317 156 313 156 309 156 304 155 309 149 313 149 316 148 317 150 313 151 309 151
299 151 305 148 310 146 313 147 317 146 322 147 328 149 323 154 318 156 314 156 310 156 305 155 310 149 313 149 317 149 317 151 314 151 310 151
300 151 305 148 311 146 314 147 318 146 323 147 329 149 323 154 318 156 314 156 311 156 305 155 311 149 314 149 318 149 318 151 314 151 311 151
300 151 306 148 311 146 314 147 318 146 323 147 329 149 324 154 319 156 315 157 311 156 306 155 311 150 315 150 318 149 318 151 315 151 311 151
300 152 306 148 312 146 315 147 319 146 324 147 330 150 325 154 320 156 316 156 312 156 306 155 312 150 315 150 319 149 320 151 316 151 312 151
301 152 307 149 312 146 316 147 319 146 325 147 331 150 326 154 321 156 317 157 313 157 307 155 313 150 316 150 320 150 320 151 316 152 313 151
302 152 307 149 312 146 316 147 320 146 325 148 331 150 326 154 321 156 317 157 312 157 307 155 312 150 316 150 320 149 320 151 316 152 312 152
302 152 307 149 312 146 316 147 320 146 325 147 331 150 326 154 321 156 317 157 313 157 308 155 313 150 316 150 320 150 320 151 317 152 313 151
302 152 308 149 313 146 317 147 321 146 326 148 331 150 326 154 321 156 317 157 313 157 308 155 313 150 317 151 321 150 321 151 317 152 313 151
