607 258 617 254 626 252 632 253 639 251 650 252 663 255 650 262 641 266 633 268 626 268 618 265 627 256 633 256 640 255 640 257 632 259 626 259
606 259 617 254 626 252 633 253 640 251 651 252 664 255 651 263 641 267 633 269 626 269 617 266 626 257 633 257 640 256 640 258 633 260 626 259
606 259 617 255 626 252 632 254 639 251 650 252 662 256 650 263 641 267 633 269 625 269 617 266 626 257 633 257 640 256 640 258 632 260 625 259
606 258 617 254 626 252 633 253 640 251 650 252 663 255 650 263 640 267 633 268 626 268 617 265 626 256 633 257 640 255 640 257 632 259 626 259
607 259 618 254 627 252 633 253 640 251 651 252 664 256 651 263 641 267 634 268 627 268 618 266 627 257 634 257 641 256 640 258 633 260 627 260
606 259 618 254 627 252 633 254 640 251 651 252 664 255 651 264 641 268 634 269 627 269 618 266 627 257 634 257 641 256 640 259 633 261 626 260
607 259 619 256 627 255 633 256 640 254 650 255 663 255 651 263 641 265 634 266 628 266 619 264 628 258 634 259 640 258 640 259 634 260 628 259
608 262 619 259 627 257 634 259 641 256 651 256 663 257 652 265 643 268 635 269 628 270 619 268 627 261 634 261 641 260 642 261 634 262 628 262
608 265 618 262 626 260 632 262 639 260 649 261 661 262 649 269 640 273 632 274 625 274 618 271 626 265 632 266 640 264 639 266 632 268 625 267
607 267 617 264 625 262 632 263 638 261 649 263 661 265 649 273 639 278 632 279 625 279 617 275 625 266 632 267 639 266 639 270 632 271 625 270
607 268 618 266 626 264 632 265 639 264 649 265 662 267 649 276 639 279 632 281 625 280 617 277 626 269 632 269 639 269 639 272 632 273 625 272
607 268 617 266 625 265 633 267 640 265 650 266 663 268 650 276 640 280 633 281 625 280 616 276 625 269 633 270 640 269 640 273 633 274 625 273
609 268 618 266 627 264 634 266 641 264 651 266 664 267 651 275 641 278 634 279 626 278 618 275 627 268 634 269 641 269 641 271 634 272 626 271
611 267 621 265 629 263 636 265 642 263 652 265 665 266 652 274 643 278 636 278 629 278 621 275 629 267 636 268 642 267 642 271 635 272 629 270
611 265 622 263 630 260 637 262 644 260 654 262 667 263 655 272 645 276 637 277 629 276 621 273 630 265 637 266 644 265 644 268 637 269 629 268
612 264 622 261 631 258 637 260 643 258 654 259 667 261 655 269 645 272 638 273 632 273 623 270 631 263 638 263 644 262 644 264 638 265 631 264
612 261 623 259 632 257 638 258 644 256 654 257 667 258 655 265 645 268 639 269 632 269 623 267 632 260 638 261 644 260 644 260 638 262 632 261
614 258 624 255 633 253 640 255 646 253 656 254 668 255 657 264 647 267 641 267 634 267 625 265 633 258 640 258 647 257 646 258 640 259 633 258
615 258 626 254 634 251 641 253 647 251 657 252 668 255 658 263 649 267 642 268 635 267 626 264 635 256 641 257 648 255 648 257 642 258 635 258
618 259 627 254 635 251 642 253 648 251 657 253 668 257 659 267 650 271 643 273 636 272 628 268 636 256 642 257 649 256 648 260 642 262 635 261
622 262 630 257 638 254 645 255 651 253 660 255 669 259 660 268 652 272 646 274 639 273 631 269 639 259 645 259 651 258 651 262 645 264 638 263
623 264 633 261 641 258 648 260 654 257 663 259 674 260 665 269 656 273 650 274 642 274 633 271 642 264 649 264 655 263 655 264 649 265 642 265
624 267 635 263 644 261 650 262 656 260 665 261 675 262 666 271 658 275 651 276 644 276 635 273 644 266 651 266 657 265 657 265 650 267 643 266
622 268 632 264 641 261 648 263 655 260 665 261 675 262 667 272 658 278 650 279 642 279 632 276 641 267 649 267 656 266 656 267 649 269 641 268
621 268 630 264 639 261 646 262 653 260 662 260 672 263 664 273 656 278 648 280 640 280 631 277 640 266 647 266 654 265 654 267 647 269 640 269
617 269 627 263 636 260 644 261 650 258 659 259 668 262 660 273 652 278 645 280 638 280 628 277 637 265 644 265 650 263 651 267 644 269 637 269
616 269 624 263 632 260 640 261 647 258 656 259 665 262 658 272 650 278 642 280 634 280 625 277 633 265 640 265 648 263 648 266 641 269 633 268
612 270 622 264 631 261 638 262 645 259 654 260 664 263 656 274 648 281 640 283 632 283 623 279 632 266 639 266 646 264 646 269 639 271 632 271
613 272 623 267 631 263 638 265 645 262 654 263 664 265 656 275 649 281 641 283 633 284 624 281 632 268 639 268 646 266 647 271 640 273 632 273
610 273 621 270 630 267 637 268 643 265 652 266 663 266 654 277 646 282 639 284 632 285 623 282 631 271 637 271 644 269 644 273 638 275 631 275
612 272 623 269 631 266 638 267 645 264 654 265 665 265 657 275 649 280 642 282 634 283 624 281 632 271 639 270 646 269 647 271 640 274 633 274
613 271 624 267 634 264 641 265 648 262 656 263 665 264 658 274 651 279 643 281 636 282 625 279 634 269 641 269 649 267 649 269 642 272 635 272
616 269 627 265 637 262 644 263 650 260 659 261 669 262 661 272 653 277 646 279 639 279 628 276 638 266 645 266 651 265 651 268 645 270 638 270
619 267 631 263 640 260 648 262 654 259 663 259 673 261 664 270 657 275 650 277 642 277 632 275 641 264 649 264 655 263 655 267 648 269 641 269
623 266 636 262 645 259 652 261 659 258 667 259 675 260 669 269 661 274 655 276 647 276 637 273 646 264 653 264 659 263 660 265 653 267 646 267
625 266 638 263 647 260 654 260 661 258 670 259 679 260 672 269 664 274 657 276 649 276 639 274 647 265 655 264 662 263 662 265 655 267 648 267
630 267 640 263 649 260 657 261 664 258 672 260 680 262 673 271 666 276 658 277 650 278 641 276 649 265 657 265 664 264 664 265 657 267 650 267
630 268 640 264 649 261 656 262 662 260 671 261 680 263 672 273 665 277 658 279 650 279 641 276 649 266 656 266 663 265 664 267 657 269 650 268
629 267 639 264 648 261 654 263 660 261 669 262 678 264 670 273 663 277 656 278 649 278 640 275 648 266 655 267 661 265 661 267 655 268 648 268
627 267 638 263 647 261 653 263 659 261 667 262 676 264 668 272 660 275 654 276 647 276 638 274 647 266 653 267 660 266 659 266 653 268 647 267
624 266 635 263 644 261 651 263 657 261 666 262 676 263 667 271 659 275 652 276 644 276 635 273 644 266 651 266 658 265 657 266 651 267 644 266
620 269 631 265 641 263 648 265 655 263 664 263 676 265 666 274 657 278 650 279 642 279 632 276 641 268 649 269 656 268 656 269 649 271 641 270
618 272 631 269 640 266 648 268 654 265 663 266 674 268 665 276 657 280 649 281 642 281 631 279 641 271 648 271 655 270 656 272 649 274 641 273
618 274 629 271 639 269 646 270 653 268 662 269 673 270 663 279 655 283 648 284 640 284 630 281 639 273 647 273 653 272 653 275 647 277 639 276
619 273 630 270 639 268 647 270 653 267 663 268 673 269 664 277 655 282 648 283 640 283 630 281 640 273 647 273 654 272 654 274 647 276 640 276
620 272 631 268 640 266 648 267 655 265 664 265 675 267 665 276 657 280 650 282 642 282 632 279 641 270 648 271 655 269 656 272 649 274 641 274
622 269 633 266 642 263 649 265 656 263 666 264 676 265 666 275 658 278 651 280 643 280 634 277 643 267 650 268 657 267 657 271 650 273 643 272
624 268 634 265 644 262 650 264 657 261 667 263 677 265 668 273 659 277 652 278 645 278 635 275 644 267 651 267 658 266 658 270 651 272 644 271
624 268 635 265 644 263 651 265 658 262 668 263 678 264 669 273 660 277 653 278 646 278 636 275 645 268 652 268 659 267 659 268 652 270 645 269
625 270 636 267 645 265 652 267 659 264 669 265 681 265 671 274 662 278 654 280 646 280 637 277 645 269 653 270 660 268 661 270 653 271 646 271
624 271 636 269 645 266 653 268 661 265 670 266 681 266 671 276 663 279 655 281 647 281 637 279 646 271 654 271 662 270 662 271 654 273 646 272
627 272 639 270 647 268 655 270 662 267 672 268 684 267 674 277 665 282 657 283 649 283 639 280 648 272 655 273 663 271 663 272 656 274 648 273
628 274 640 272 650 270 657 271 664 269 674 270 685 269 675 279 666 284 658 285 650 285 640 282 650 274 657 275 665 273 665 275 657 277 650 276
629 276 641 274 651 272 658 273 665 271 676 271 688 272 677 283 667 288 659 290 652 289 642 285 651 277 659 277 666 276 666 279 659 280 651 280
633 279 645 276 654 274 661 276 668 273 678 274 691 275 679 286 670 290 662 292 655 291 645 288 655 279 662 279 669 278 669 282 662 283 655 282
637 281 648 279 657 277 664 279 670 277 680 278 691 278 682 289 672 294 665 295 658 294 648 290 657 281 665 282 671 281 671 284 665 286 657 285
641 284 652 282 662 281 668 283 674 281 684 281 695 281 685 292 676 296 669 298 662 297 652 293 662 285 669 286 675 284 675 288 669 289 662 289
642 285 654 284 663 283 670 285 677 283 685 284 696 283 686 292 677 297 670 298 663 297 654 293 663 287 670 288 677 287 677 289 670 291 663 290
643 286 656 285 665 284 673 286 680 284 689 285 700 284 689 294 681 297 673 298 665 297 656 294 665 288 673 289 680 288 680 289 673 290 665 289
643 285 656 284 667 284 674 285 681 283 690 283 702 283 691 292 683 296 676 297 667 296 656 293 667 288 675 288 682 287 682 288 675 289 667 288
642 284 655 283 666 283 673 284 680 283 689 282 700 281 690 289 681 293 674 294 665 294 655 291 666 286 673 287 681 286 681 286 673 288 665 287
640 283 653 282 663 282 671 283 678 281 687 280 698 279 688 288 680 292 672 293 663 293 653 291 663 285 671 286 679 285 679 285 671 286 663 286
635 283 648 282 659 281 667 282 674 280 684 279 696 278 685 288 676 291 668 292 660 292 649 290 659 285 667 285 675 284 675 284 667 286 659 285
631 284 644 283 655 282 663 283 670 281 680 280 692 278 682 287 672 291 664 293 656 293 645 291 655 285 663 286 671 284 671 285 664 287 656 286
629 285 641 283 652 282 660 283 667 281 677 280 690 278 679 288 669 292 661 293 653 293 642 291 652 286 660 286 668 285 668 285 661 287 652 286
626 285 639 283 649 282 658 283 665 280 675 279 688 277 677 287 667 291 659 292 650 293 640 290 650 286 658 286 665 284 666 285 658 286 650 286
626 284 639 283 648 282 655 283 662 281 672 280 683 278 674 286 665 290 657 292 650 292 639 290 649 285 656 285 663 284 663 284 656 286 649 286
625 284 637 282 647 281 655 282 662 279 672 279 684 277 673 287 664 290 657 292 649 292 638 290 648 284 655 284 662 283 663 284 655 286 648 285
625 283 637 281 647 280 654 282 662 279 671 278 683 276 673 285 664 289 656 290 648 291 637 289 647 283 655 284 663 282 663 283 655 285 647 285
624 283 636 281 646 280 654 281 661 279 672 278 683 276 673 286 664 290 656 292 647 292 637 290 647 283 655 284 662 282 662 283 655 285 647 285
626 283 639 282 649 280 656 281 663 278 673 278 686 276 675 285 666 289 659 291 651 292 640 290 649 284 657 284 664 282 665 282 657 285 650 285
626 284 638 282 648 281 655 282 663 280 673 279 685 278 674 287 665 290 657 292 649 292 639 290 648 284 656 285 664 283 663 284 656 286 648 285
626 284 639 282 649 281 657 283 663 280 674 279 687 277 676 287 666 291 659 292 650 292 639 290 649 285 657 285 664 284 664 284 658 286 650 285
627 284 639 283 649 282 657 283 664 280 675 279 687 277 676 287 667 291 659 293 651 293 640 291 650 285 658 285 665 283 665 284 658 286 650 286
628 284 640 283 650 282 658 283 665 280 676 280 688 278 677 287 667 291 660 292 651 293 641 291 651 285 659 286 666 284 666 284 659 286 651 286
627 284 640 282 650 281 658 282 665 280 676 279 688 277 677 287 667 291 660 293 652 293 641 290 651 285 659 285 666 284 666 285 659 286 651 286
628 284 641 282 651 281 659 283 666 280 676 279 689 277 678 287 668 291 661 292 652 292 642 290 652 285 660 285 667 284 667 284 660 286 652 286
629 283 642 282 652 280 660 282 667 279 677 278 689 277 678 286 669 290 661 292 653 292 643 290 652 284 660 284 667 283 667 284 660 285 652 285
628 283 642 281 653 280 661 281 668 278 679 277 692 275 681 285 670 289 663 291 655 291 643 289 653 284 661 284 669 282 669 282 662 284 654 284
629 282 643 281 653 279 661 281 668 278 678 277 691 275 680 285 670 289 663 291 654 291 643 289 653 283 661 284 669 282 669 282 662 284 654 284
629 282 644 281 655 279 662 280 669 277 679 277 693 275 681 285 671 289 664 291 656 291 645 289 655 283 663 284 670 282 670 282 663 284 656 284
629 282 643 280 654 279 661 280 668 278 679 278 692 277 680 286 670 290 663 291 655 292 644 289 654 284 662 284 668 282 669 283 662 284 655 284
631 283 644 280 655 279 662 280 668 278 678 278 691 277 679 287 670 290 663 292 656 292 645 289 655 283 662 283 669 282 669 283 662 285 655 284
633 282 646 280 656 278 662 279 668 277 678 277 689 278 679 287 670 290 664 291 657 291 647 289 656 282 663 282 669 281 669 284 663 285 656 285
634 282 646 279 656 276 662 277 668 275 677 276 689 277 678 287 670 291 663 293 656 293 647 290 656 280 662 281 668 279 668 283 662 285 656 285
633 280 645 277 655 274 662 275 668 274 677 275 689 277 678 286 670 291 663 292 656 292 646 289 655 279 662 279 668 278 669 283 662 284 655 284
635 279 645 274 655 272 661 273 667 271 677 272 686 274 678 285 670 289 663 291 656 291 646 288 655 276 662 276 668 275 669 280 662 282 655 282
635 277 645 273 654 270 661 272 666 269 675 270 685 273 677 282 669 287 662 289 656 289 646 286 655 275 661 275 667 274 668 278 662 280 655 280
633 276 644 271 653 268 659 270 665 267 675 268 686 271 677 283 668 288 662 289 654 289 645 285 653 273 660 273 666 272 667 278 661 279 654 279
633 274 643 269 651 266 657 267 664 265 673 267 682 269 674 280 667 285 660 287 652 287 643 284 652 270 658 270 665 269 665 276 658 278 652 277
631 273 640 268 649 264 655 266 661 264 671 265 680 268 672 279 664 284 657 286 650 286 641 282 649 269 655 269 662 268 663 274 656 276 650 276
629 271 638 266 646 263 653 265 660 263 668 265 677 267 670 278 662 283 655 284 647 284 638 281 646 268 653 268 660 267 660 272 654 274 647 273
628 270 636 266 644 263 650 265 656 263 665 265 673 267 666 277 658 282 652 283 645 283 637 279 644 268 650 269 657 268 657 271 651 273 644 272
625 272 633 267 641 265 648 267 655 264 663 266 670 269 664 278 657 282 650 283 642 282 634 279 641 269 649 270 655 269 656 271 649 273 642 272
626 273 634 269 641 266 648 268 655 266 663 267 671 270 664 279 657 283 650 284 643 283 635 281 642 271 649 271 655 270 656 272 649 274 642 273
626 275 634 270 642 267 649 269 655 267 663 268 671 271 664 280 657 284 650 286 643 285 635 283 642 272 649 273 656 271 656 274 649 275 642 274
627 276 636 270 644 268 650 270 656 267 663 268 671 271 664 280 658 284 652 285 645 285 637 282 644 273 650 273 657 272 657 274 651 275 644 274
625 274 637 269 646 267 653 268 658 266 666 267 673 269 667 278 660 282 654 284 647 284 637 281 646 271 653 272 659 270 659 272 653 274 646 273
626 272 637 268 646 266 652 268 658 265 666 266 673 268 666 278 659 281 653 282 646 282 637 280 646 270 652 271 658 270 658 272 653 273 646 272
624 274 634 268 644 266 651 268 656 265 664 266 671 269 665 278 658 282 652 284 645 283 635 281 644 271 651 271 657 270 657 272 651 273 644 272
622 275 632 269 641 267 648 268 653 266 661 268 669 271 662 280 655 284 648 285 642 285 632 282 641 272 648 272 654 271 654 273 648 274 641 274
620 275 630 270 639 267 646 269 652 267 660 268 668 271 661 281 654 285 647 286 640 286 630 284 639 272 646 273 653 272 653 274 647 276 640 275
623 274 632 270 640 267 647 269 653 266 661 268 669 270 662 279 655 285 649 286 641 286 632 282 641 272 648 273 654 271 654 275 648 277 641 276
621 273 632 270 640 268 647 269 653 267 661 268 670 269 662 278 655 282 649 284 642 284 633 281 641 272 647 273 653 271 654 275 648 277 641 276
619 272 631 270 640 267 646 268 652 266 660 267 670 269 661 278 654 283 648 284 641 284 632 281 640 271 647 271 652 270 653 275 647 277 641 276
618 271 629 270 638 267 645 269 651 267 660 267 671 268 662 278 653 282 647 283 640 283 630 279 638 272 645 272 652 271 652 274 646 276 639 275
617 271 628 269 638 267 644 268 650 266 659 267 671 267 662 276 653 281 647 282 640 282 630 279 638 271 645 271 651 270 652 273 646 275 639 274
616 270 628 267 637 266 644 267 650 265 659 265 670 266 660 276 652 279 645 280 638 280 628 278 637 270 644 270 650 269 651 271 644 272 637 272
614 269 626 267 635 265 643 266 649 264 658 265 669 266 660 275 651 278 644 279 636 279 627 277 635 269 643 270 649 269 650 271 643 272 636 271
614 268 626 266 635 264 642 266 648 263 658 264 670 264 660 273 651 277 644 277 636 277 627 275 635 268 643 269 649 268 649 269 643 271 636 270
612 266 624 264 633 262 641 264 647 262 657 262 670 262 659 270 650 273 643 274 635 274 625 272 634 266 641 267 648 266 649 267 642 268 635 267
610 265 623 262 633 259 641 261 647 258 658 259 672 259 660 268 650 271 642 273 635 273 624 270 633 265 641 265 648 264 649 264 642 265 634 265
610 263 622 260 633 258 640 259 647 256 658 257 671 257 660 266 649 270 642 271 634 271 623 269 633 263 641 263 648 262 648 262 641 263 633 263
610 263 622 260 632 258 639 259 645 256 656 257 670 256 658 265 648 268 641 270 634 270 623 268 632 262 640 262 646 261 647 262 640 263 633 263
609 263 621 261 631 259 639 261 645 258 656 258 669 258 657 267 648 271 641 272 633 272 622 269 632 264 639 264 646 263 646 264 640 265 632 265
610 263 622 259 632 257 639 258 644 256 656 256 669 257 657 267 647 272 640 273 633 273 623 271 632 262 639 262 645 261 646 264 640 265 633 265
613 262 623 258 632 255 639 256 645 255 655 256 666 257 656 267 647 271 641 272 633 272 624 270 633 260 639 260 645 259 646 263 640 264 633 264
614 262 624 258 633 255 640 257 646 254 655 255 667 257 657 267 648 272 642 274 634 273 625 270 633 260 640 260 646 259 647 263 641 264 634 264
616 261 626 257 634 254 641 255 647 253 656 254 666 256 657 266 649 271 642 272 635 272 626 268 635 259 641 259 647 258 648 261 642 262 635 262
618 260 627 257 636 254 642 255 648 253 657 255 667 257 658 266 650 271 644 272 637 271 628 268 636 259 643 259 648 258 648 260 643 261 636 261
617 260 628 257 637 254 643 256 648 253 658 255 668 256 659 265 651 269 645 271 638 270 629 268 637 260 643 260 649 259 649 260 644 261 638 261
617 261 628 257 637 254 643 256 649 253 659 254 669 257 660 265 652 269 645 270 638 270 629 267 637 259 644 260 650 258 650 260 644 261 637 261
619 262 630 257 638 254 644 256 650 253 658 255 668 258 659 265 652 268 646 269 639 269 631 267 639 259 645 259 651 258 651 259 645 261 639 260
621 263 632 259 640 256 646 257 652 255 661 256 671 260 662 267 654 270 648 272 641 271 633 269 640 260 647 260 653 259 653 262 647 264 640 263
624 265 633 260 641 257 647 258 654 256 663 258 673 261 665 271 656 276 649 277 642 277 633 273 641 262 648 262 655 261 655 266 648 268 641 267
628 267 637 262 645 260 651 261 658 259 666 260 675 263 667 272 660 276 653 278 646 277 638 275 645 264 652 265 658 263 659 266 652 268 645 267
630 269 640 264 647 262 654 263 660 261 669 263 678 265 670 274 662 278 655 279 648 279 640 276 648 266 654 267 661 266 661 268 654 270 647 269
634 271 642 266 650 264 657 266 663 263 672 264 682 266 674 275 666 279 659 281 651 280 643 278 651 269 657 269 664 268 665 269 658 271 651 270
635 270 644 267 651 265 658 267 664 264 673 265 683 266 675 276 667 280 660 281 652 281 644 279 652 269 658 270 665 269 665 270 659 272 652 271
632 271 642 267 652 265 659 266 665 264 674 265 684 267 676 276 668 280 661 281 653 281 644 278 652 270 659 270 666 269 666 270 660 271 653 271
635 271 643 267 651 265 658 266 664 264 674 265 683 266 675 276 667 280 660 281 652 281 644 279 651 270 658 270 665 269 666 270 659 272 652 271
633 271 641 267 650 264 657 266 664 263 674 264 684 266 676 275 667 279 660 281 652 281 643 278 650 269 658 269 665 268 666 269 659 271 651 270
632 271 641 266 649 264 656 265 662 262 672 264 681 266 673 275 665 279 658 280 650 280 642 278 649 268 656 268 663 267 663 269 657 270 650 270
632 271 640 266 648 263 655 265 661 262 670 264 680 266 672 275 664 279 657 280 650 280 641 278 648 268 655 268 662 267 663 269 656 270 649 270
627 268 638 265 647 263 654 265 660 262 670 264 679 265 671 275 662 279 655 280 648 280 638 277 647 268 654 268 661 267 661 268 654 270 647 269
623 267 636 265 644 263 651 265 658 263 667 263 678 263 668 272 660 275 653 276 645 276 636 274 644 267 652 268 659 267 659 268 652 269 645 269
622 267 634 265 644 263 650 264 657 262 667 262 677 262 668 270 659 274 652 275 644 275 634 273 644 267 651 267 658 266 658 267 651 268 644 268
620 266 632 264 642 263 649 264 656 261 666 262 678 261 668 270 658 274 651 275 643 275 633 273 642 267 650 267 657 266 657 266 650 268 642 267
619 267 631 265 641 263 649 264 656 262 665 262 677 262 667 271 658 274 650 276 642 276 632 274 641 267 649 267 657 266 656 267 649 269 641 268
617 268 629 265 639 263 647 264 654 262 664 262 677 262 666 270 656 274 649 275 640 275 630 274 639 267 647 267 655 266 655 267 647 269 639 268
618 268 631 266 640 264 648 265 654 263 663 263 676 262 665 271 656 274 649 276 642 276 632 274 641 268 648 268 655 267 655 268 648 269 641 269
617 269 630 267 639 265 646 266 653 263 662 264 675 263 664 272 655 275 648 276 640 276 630 275 639 268 647 269 654 267 654 268 647 270 639 269
616 269 628 267 638 265 645 266 651 264 661 264 673 264 663 273 654 276 647 277 639 277 629 276 638 269 646 269 652 268 652 269 646 270 639 270
615 270 628 268 637 266 644 267 650 264 660 264 674 263 662 272 653 275 646 277 639 277 629 276 637 270 645 270 651 268 651 270 645 271 638 271
615 270 627 268 636 266 643 267 650 264 660 264 672 264 662 273 653 277 646 279 638 279 628 277 637 270 644 270 651 268 651 270 645 272 637 272
614 271 626 269 635 267 642 268 648 265 658 266 670 266 660 274 651 277 644 278 637 278 627 276 636 270 643 271 649 269 649 271 643 273 636 272
613 271 625 269 634 266 642 268 648 265 658 265 670 265 659 274 651 278 644 280 636 279 626 278 635 270 643 270 649 269 650 271 643 273 635 273
613 271 625 270 634 267 641 269 646 266 656 267 669 266 658 275 649 278 643 280 635 280 626 278 634 271 641 271 647 270 648 272 641 274 634 273
612 272 623 269 633 267 640 268 646 266 657 266 669 267 659 276 649 280 643 281 635 281 624 279 634 271 641 272 647 270 648 273 641 274 635 274
611 274 623 271 632 268 639 270 645 267 655 268 667 269 656 278 647 282 641 283 633 283 624 280 633 273 640 273 646 272 646 275 640 276 633 275
611 273 622 271 631 269 638 271 644 268 654 269 666 270 655 279 646 283 640 284 632 284 622 281 632 273 639 274 645 272 645 276 639 277 632 277
611 275 622 272 632 270 639 271 644 269 654 269 667 269 656 279 647 284 641 285 634 286 624 283 633 274 639 274 645 273 646 276 640 278 633 277
610 274 622 272 632 269 638 271 644 268 654 269 666 269 656 279 647 283 641 285 633 285 623 282 632 273 639 273 645 272 645 275 640 277 633 276
610 272 621 269 632 267 639 268 645 266 655 267 666 267 656 278 647 283 641 284 633 284 622 281 632 271 639 272 646 270 646 275 640 276 632 276
610 271 621 268 631 266 639 267 645 265 655 265 666 266 657 278 648 282 641 284 633 284 622 280 631 270 639 270 646 269 646 273 640 275 632 274
610 271 621 268 631 265 639 267 645 264 654 266 665 267 656 278 647 283 640 284 632 284 622 280 631 270 639 270 646 269 646 274 640 275 632 275
610 272 622 269 632 267 639 269 645 266 655 267 665 268 656 278 647 283 640 284 632 284 622 280 632 272 640 272 646 271 646 274 640 275 632 274
612 273 623 271 633 269 641 271 647 269 656 269 666 269 657 279 649 284 642 285 634 285 624 281 634 274 641 274 647 273 647 275 641 276 634 276
611 274 623 272 634 270 641 272 647 269 656 270 667 271 657 281 648 285 642 286 634 286 623 283 634 275 641 276 647 274 647 276 641 277 634 277
609 273 622 271 632 269 639 271 645 269 655 269 666 270 656 280 647 284 640 285 632 285 622 282 632 274 640 274 646 273 646 275 640 276 632 276
610 273 622 270 631 268 637 270 644 267 653 268 663 268 654 278 646 281 639 283 632 283 622 281 631 273 638 273 644 272 645 273 638 275 631 274
609 270 621 268 630 266 636 267 643 265 652 266 663 267 654 275 645 279 638 280 631 280 622 278 630 270 637 270 644 269 644 271 637 272 630 272
608 269 619 266 629 264 636 266 642 263 652 264 662 264 653 274 644 278 637 279 630 279 620 277 629 268 636 269 643 268 643 270 636 271 629 271
607 268 618 265 627 263 634 264 641 262 650 263 661 264 652 273 643 277 636 279 628 279 619 277 627 267 634 268 641 266 642 269 635 271 627 270
606 268 617 265 625 262 633 264 640 261 649 262 660 264 651 273 642 278 634 279 626 279 617 277 626 267 633 267 640 266 640 268 633 270 626 270
607 269 617 265 625 263 632 264 639 262 649 262 659 264 650 274 641 278 634 280 626 280 617 277 626 267 633 267 640 266 640 269 633 271 625 271
607 270 617 265 625 262 632 263 639 260 648 262 659 264 650 275 642 280 635 281 627 282 618 279 626 266 633 266 640 265 641 270 634 272 626 271
607 270 617 265 625 262 632 263 638 261 648 262 660 264 650 275 641 280 634 281 627 281 618 278 626 267 633 267 639 265 640 271 633 273 626 272
607 271 617 266 625 263 632 264 639 262 649 263 660 266 651 276 642 281 635 283 627 283 618 280 626 268 633 268 640 266 641 272 634 274 626 273
609 270 619 267 628 264 635 265 641 263 651 264 662 266 652 277 644 282 637 283 629 283 620 280 628 268 635 268 642 267 642 272 636 274 628 273
609 271 619 267 628 264 634 265 641 263 650 264 661 266 652 277 644 282 636 283 629 284 620 280 628 269 635 269 642 268 642 273 635 274 628 274
610 271 620 267 629 264 635 265 642 263 652 264 662 266 653 277 645 281 638 283 630 283 621 279 629 269 636 269 643 267 644 273 637 274 630 273
611 271 621 267 629 264 635 266 642 263 651 265 662 267 652 275 644 280 637 281 630 281 621 278 629 268 636 269 643 268 643 272 636 274 629 273
611 271 621 267 630 264 636 265 643 263 653 264 663 266 654 276 646 281 638 282 631 282 621 280 630 268 637 268 644 267 644 272 637 274 630 273
612 270 622 266 631 263 637 265 644 262 655 264 665 266 656 277 647 282 640 283 632 283 623 280 631 268 638 268 645 267 646 272 638 274 631 274
612 271 622 266 631 263 638 264 645 262 654 263 665 265 656 276 648 281 640 283 633 283 623 280 631 267 638 267 646 266 646 272 639 274 632 273
612 270 622 265 631 262 637 264 644 261 654 263 664 265 655 274 646 278 639 279 632 279 623 277 631 267 638 267 645 266 645 270 638 272 631 271
610 269 622 265 630 262 637 263 644 261 654 262 665 263 655 272 646 277 639 278 631 279 622 276 631 266 637 266 645 265 645 269 638 271 631 271
611 267 622 264 630 261 637 263 644 260 654 261 665 262 655 271 646 275 639 277 632 277 622 274 631 265 638 266 645 264 645 268 638 270 631 270
611 265 622 263 631 261 638 262 644 259 654 260 667 261 656 270 647 274 640 276 633 276 623 273 632 265 639 265 645 263 646 267 639 268 632 268
611 266 622 262 631 260 638 261 644 258 655 260 667 262 656 272 646 276 639 278 632 278 622 275 632 264 639 265 645 263 645 268 639 270 632 269
610 266 621 262 631 259 638 260 644 258 655 259 668 261 657 272 647 277 640 278 632 278 622 275 631 264 639 264 645 262 646 268 639 270 632 270
611 265 622 261 632 258 639 259 645 257 656 258 669 259 658 270 648 275 641 277 633 277 623 274 632 263 640 263 646 262 647 266 640 267 633 267
612 265 622 261 631 258 638 260 645 257 656 258 667 259 657 269 648 273 640 275 633 275 623 273 632 263 639 263 646 262 647 266 639 267 632 267
612 268 623 263 631 260 638 262 645 259 654 260 666 262 656 271 648 275 640 276 632 277 623 274 632 265 639 265 646 263 646 267 639 269 631 268
610 269 622 265 631 263 637 264 644 262 654 262 666 263 656 272 647 277 640 278 632 279 623 277 631 267 638 268 645 266 646 269 639 270 632 270
609 271 620 267 629 264 636 266 643 263 653 264 665 265 655 274 645 278 638 280 631 280 621 278 630 269 637 269 644 268 644 270 637 272 630 271
608 272 620 268 629 265 636 267 642 264 652 265 665 265 654 275 645 279 638 280 631 281 621 279 629 270 636 270 643 269 644 271 637 273 630 272
608 272 620 269 629 266 636 268 643 265 653 266 665 266 654 276 645 280 637 282 630 282 620 280 629 271 636 271 644 270 644 272 636 274 629 273
608 273 620 270 629 267 635 269 642 266 652 267 665 267 654 277 645 281 638 283 630 283 621 281 629 272 636 272 643 271 643 273 636 274 629 274
608 273 619 270 629 267 636 269 643 266 653 267 665 267 654 277 645 281 638 283 630 283 620 281 629 272 636 272 644 271 644 273 636 275 629 274
609 273 620 269 629 266 636 268 642 265 653 266 665 267 655 276 645 280 638 282 631 282 621 280 630 271 636 271 643 270 644 272 637 274 630 274
609 273 620 269 629 266 636 268 642 265 653 266 665 267 655 277 646 282 638 284 631 284 621 281 630 272 636 272 644 270 644 274 637 275 630 275
609 273 619 269 628 266 636 267 642 265 653 266 664 267 655 278 645 283 638 285 630 285 620 282 629 271 636 271 643 269 644 275 637 277 629 276
610 272 621 268 630 265 637 267 644 264 654 265 665 266 656 278 647 283 639 285 632 285 622 282 631 270 637 270 645 269 645 274 638 276 631 276
611 272 622 268 631 266 638 267 645 265 655 266 666 266 657 277 647 282 640 284 632 284 622 281 631 271 638 271 646 269 646 274 639 275 631 275
610 271 622 267 631 265 638 267 645 264 655 265 667 266 656 276 647 280 640 281 632 281 622 278 631 270 638 271 646 270 646 271 638 273 631 272
610 271 622 267 631 265 638 266 645 264 656 264 669 265 658 274 648 279 640 280 633 280 623 278 632 270 639 270 646 269 647 271 639 272 632 272
610 271 622 268 631 266 638 267 644 265 655 265 667 265 657 274 647 279 640 280 633 280 623 278 632 270 638 271 646 269 646 272 639 274 632 273
610 270 621 266 630 263 637 264 644 262 655 263 667 264 656 274 647 279 639 281 632 281 622 278 631 268 638 268 645 266 645 271 638 273 631 273
610 270 622 265 631 263 637 264 644 261 655 262 666 264 656 272 646 277 639 279 632 279 623 277 632 267 638 267 645 266 645 270 638 272 632 271
610 269 622 264 631 261 638 262 645 260 655 260 666 262 657 271 648 276 641 278 633 278 623 277 632 266 639 266 646 264 647 268 639 270 632 270
610 268 622 264 632 261 638 262 645 259 656 260 667 262 657 271 648 276 641 278 634 278 623 276 632 265 639 265 646 264 647 269 640 270 633 271
610 269 622 264 631 261 638 262 645 259 655 260 666 263 657 272 648 277 640 278 633 279 623 277 631 266 638 266 646 264 646 268 639 270 632 270
611 267 622 264 631 261 637 262 644 260 653 261 664 263 655 272 647 276 639 277 632 277 623 275 631 266 638 266 645 265 645 267 638 269 631 268
611 268 621 265 630 262 637 263 644 261 654 263 664 264 655 272 647 276 639 277 632 277 623 275 631 267 638 267 645 266 645 268 638 269 631 268
611 270 622 265 630 263 637 264 644 262 654 263 664 264 655 274 647 279 639 280 632 280 623 278 631 267 638 267 645 266 645 269 638 271 631 270
612 271 622 267 630 264 637 265 643 263 653 264 663 266 654 276 646 281 639 283 632 283 623 280 631 268 637 268 644 267 644 273 638 274 631 274
612 271 622 267 630 263 637 265 643 262 653 264 664 266 655 277 647 282 639 284 632 284 623 281 631 268 637 268 644 267 645 273 638 275 631 275
612 271 622 266 631 263 637 265 644 262 653 263 664 266 655 275 647 280 640 282 632 282 623 279 631 268 638 268 645 266 645 271 638 273 632 273
611 270 621 266 630 263 637 265 643 263 653 264 664 265 654 274 645 279 638 281 631 281 622 278 631 267 637 268 644 267 644 271 637 273 631 272
610 270 621 266 630 263 637 265 643 262 653 263 664 265 654 275 646 279 639 281 631 281 622 279 631 268 637 268 644 267 644 271 637 273 631 273
611 270 622 266 630 263 637 265 643 262 653 263 664 265 654 275 646 281 639 282 631 282 622 279 631 267 637 267 644 266 644 272 637 274 630 273
611 271 622 266 631 264 637 265 644 263 654 264 664 266 655 276 647 280 640 282 632 282 623 279 631 268 638 268 645 267 646 272 638 274 631 273
612 271 623 267 631 265 638 266 644 264 653 265 665 267 654 275 646 279 640 281 632 280 623 278 632 269 639 269 645 268 645 271 639 272 632 272
613 271 623 267 632 264 640 265 646 263 656 264 666 267 657 277 649 281 641 283 633 283 624 279 633 269 640 269 647 268 647 271 640 273 633 272
614 271 624 266 633 264 641 265 647 263 656 263 667 266 658 275 649 280 642 281 634 281 625 278 633 269 641 269 648 268 648 269 642 271 634 270
616 271 625 266 634 263 641 265 648 263 657 264 667 267 658 276 650 280 643 281 635 281 625 278 634 268 642 269 649 267 649 269 642 271 634 270
617 271 626 266 634 263 642 265 648 262 657 263 667 267 658 276 650 280 643 282 635 281 626 278 635 268 642 268 649 267 649 269 642 271 635 270
616 268 625 264 634 261 641 263 648 260 657 262 667 264 658 274 650 278 643 280 635 279 626 276 635 267 642 267 648 266 648 267 642 269 635 268
616 265 625 260 634 257 641 258 647 256 657 257 667 261 658 270 649 274 642 276 634 275 626 272 634 262 641 262 648 261 648 263 641 265 634 264
617 260 625 256 634 253 641 254 647 252 656 253 665 257 657 265 649 270 643 271 635 271 626 268 634 258 641 258 648 257 648 259 642 260 634 260
618 258 626 253 634 250 641 252 647 249 657 251 667 254 658 264 649 268 642 269 635 269 626 266 634 255 641 256 648 254 648 256 641 258 634 257
616 257 625 251 634 248 641 249 648 246 658 248 668 253 660 262 651 266 644 267 636 267 626 264 634 253 642 253 649 252 650 255 642 256 635 256
617 256 625 251 633 247 641 249 647 246 656 248 666 252 658 261 650 265 643 267 635 266 626 263 634 252 641 253 648 251 648 254 642 255 634 255
617 257 625 251 634 247 641 249 647 246 657 248 667 252 659 261 650 265 643 266 636 266 627 263 635 252 642 253 648 251 649 254 642 255 635 255
617 256 627 250 635 247 642 249 648 246 657 248 667 251 659 259 651 263 644 264 637 264 628 262 636 252 643 252 649 251 649 253 643 254 636 254
617 255 627 250 636 247 643 249 649 246 659 248 669 250 660 258 652 263 645 264 637 264 628 262 636 252 643 253 650 251 650 253 644 254 637 254
620 257 629 252 638 249 644 250 650 247 659 249 670 252 661 260 653 264 647 265 640 265 631 263 638 254 645 254 651 253 652 254 646 255 639 255
620 260 629 255 638 252 645 253 651 250 660 251 670 254 662 262 654 266 647 268 640 268 631 266 639 257 645 257 651 255 652 257 646 258 639 258
618 263 629 258 638 255 645 256 651 253 661 255 671 257 663 266 654 271 647 273 639 272 630 270 638 260 645 260 652 258 652 260 646 262 639 262
621 264 630 260 638 257 644 259 650 256 659 257 669 260 661 269 653 273 647 274 639 274 631 272 638 262 645 262 651 261 652 263 645 264 638 263
619 264 629 261 638 258 644 260 650 257 659 258 670 259 661 268 653 272 646 274 639 274 630 271 638 263 645 263 651 262 651 263 645 264 638 264
619 264 629 261 638 258 645 260 651 257 660 258 671 260 662 269 654 273 647 274 639 274 630 272 638 263 645 263 652 262 652 264 646 266 638 265
618 264 629 260 637 256 645 258 651 255 661 257 672 260 663 269 654 274 647 275 639 275 629 272 638 262 645 262 652 261 652 265 645 267 638 266
617 265 628 260 637 257 644 258 650 256 660 257 671 260 662 269 653 273 646 275 638 274 629 272 637 261 644 262 651 260 651 265 645 267 637 266
617 266 628 262 637 259 645 260 651 258 660 259 671 261 662 269 654 273 647 274 638 274 629 272 637 264 645 264 652 262 652 265 645 267 638 267
617 271 628 267 637 264 645 265 651 262 660 263 671 265 662 273 654 276 646 278 638 278 629 276 637 268 645 268 652 267 652 269 645 271 637 271
619 274 630 270 639 267 646 268 653 265 662 266 673 268 664 277 656 281 649 284 641 284 631 281 639 271 647 271 654 269 654 274 647 276 640 276
620 274 630 270 639 267 647 269 653 266 663 267 673 269 665 278 657 282 650 284 642 284 632 281 640 272 647 272 654 270 655 274 648 276 641 275
620 273 631 270 640 267 648 268 654 265 664 266 674 268 666 278 657 283 650 285 641 284 632 281 640 271 648 272 655 270 656 273 649 275 641 274
623 273 633 270 641 267 648 269 655 266 664 268 673 269 665 279 657 283 650 285 642 284 633 281 641 272 649 272 656 271 656 273 649 275 641 274
624 276 634 272 642 269 649 271 657 268 666 269 676 271 667 281 659 286 651 287 643 287 635 284 642 274 650 275 658 273 658 275 650 277 642 276
626 278 636 275 645 272 652 274 659 272 668 273 679 274 669 284 661 289 654 290 646 290 637 286 645 277 653 277 660 276 660 278 653 280 645 280
629 279 638 275 647 273 653 274 660 272 669 273 679 275 671 286 662 291 655 292 647 292 638 288 647 277 654 277 660 276 661 281 654 283 647 282
629 278 639 274 648 272 654 273 661 271 670 272 679 275 670 285 663 290 656 292 648 291 639 287 648 276 655 277 662 276 661 279 655 281 648 280
630 277 640 272 649 269 655 271 662 269 671 270 680 274 672 284 664 290 656 291 649 291 640 287 649 274 656 274 662 274 663 279 656 281 649 280
628 275 638 271 646 269 653 270 659 268 668 269 678 272 669 282 661 287 654 288 647 288 638 284 647 273 654 274 660 272 660 277 653 279 646 278
627 274 638 272 646 270 652 272 658 269 667 270 677 271 668 280 660 284 654 285 647 285 638 282 646 274 652 275 659 273 659 275 653 277 646 276
625 272 636 270 644 269 651 271 657 268 666 269 677 269 667 279 659 283 652 284 645 284 636 281 644 273 651 274 658 273 658 274 651 275 644 274
624 271 634 269 642 268 650 269 657 267 666 267 676 268 666 278 658 282 650 284 642 283 633 280 643 272 650 272 657 271 657 273 650 274 642 273
624 270 634 266 643 264 649 266 656 263 665 264 675 266 666 276 658 280 650 282 643 281 634 278 643 269 650 270 657 269 656 270 649 271 643 270
626 267 636 264 644 262 650 263 656 261 665 262 675 264 666 273 658 278 651 279 644 278 636 275 644 266 650 267 657 266 657 267 650 269 644 268
625 266 636 263 644 261 650 262 657 260 666 261 676 263 667 273 658 277 652 279 644 278 636 275 644 266 651 266 657 265 657 266 651 268 644 267
626 269 636 266 645 264 652 265 658 263 668 263 679 265 669 275 660 280 653 281 646 281 637 278 645 269 652 269 659 268 659 270 652 272 645 271
627 273 638 270 647 267 653 269 659 267 669 268 679 269 670 278 661 283 655 285 647 284 638 281 647 272 654 273 660 271 660 274 654 276 647 275
628 277 639 274 648 272 655 273 661 270 671 272 681 273 672 283 663 288 656 290 649 289 639 286 648 276 655 276 662 275 662 279 655 280 648 280
628 279 640 276 650 274 657 276 663 273 672 275 685 276 674 286 665 290 658 292 650 291 641 287 650 279 657 280 663 278 663 282 657 284 650 283
628 281 640 277 650 275 657 277 664 274 673 276 685 278 674 287 665 292 658 293 650 292 640 289 650 280 657 281 664 279 664 283 657 284 650 284
627 280 640 277 650 274 657 276 664 274 674 275 685 277 674 286 665 291 658 292 649 292 639 288 650 280 657 280 664 279 664 282 657 284 650 283
627 279 639 276 648 273 656 275 662 273 671 274 683 276 672 285 663 290 656 291 648 290 639 287 648 278 656 279 663 278 663 281 656 282 649 282
628 279 638 275 647 273 654 275 661 272 671 274 681 276 672 285 663 290 655 291 647 290 639 287 647 278 654 279 662 277 662 280 654 282 647 281
625 278 636 275 645 273 652 275 659 272 668 274 678 276 668 284 660 289 653 290 645 290 636 286 645 278 652 278 659 277 659 280 652 282 645 280
624 279 635 276 643 273 650 275 657 273 666 274 677 276 668 284 659 288 652 290 644 289 635 286 644 278 651 278 658 277 658 280 651 282 644 281
624 279 634 276 643 273 650 275 657 273 666 274 677 276 667 284 659 289 652 290 643 290 634 287 643 278 650 278 658 277 658 280 651 281 643 280
623 279 634 275 643 273 649 275 656 272 665 274 676 276 666 285 658 289 651 290 643 290 634 286 643 278 650 278 657 277 657 280 650 282 643 281
623 279 633 275 642 273 649 275 655 272 665 273 676 275 667 285 658 290 651 291 644 290 634 287 642 278 649 278 656 277 657 280 650 282 643 281
623 278 633 275 642 273 649 274 656 272 666 273 676 275 667 284 658 289 651 290 643 290 634 287 642 277 650 277 657 276 657 280 650 282 642 281
623 278 633 275 642 272 649 274 656 272 665 273 677 275 667 284 658 289 651 290 643 290 634 287 642 277 650 277 657 276 657 280 650 282 642 281
624 278 635 275 643 273 650 274 656 272 666 273 676 275 667 284 659 288 652 290 645 290 635 286 644 277 651 277 657 276 658 280 651 282 644 281
624 278 635 274 643 272 650 273 656 271 666 272 677 274 667 284 659 288 652 289 644 289 635 285 644 276 651 276 657 275 657 279 651 281 644 280
624 278 634 274 643 271 649 273 656 270 665 272 676 274 666 283 658 287 651 289 643 289 635 285 643 276 650 276 657 275 657 280 650 281 643 280
623 277 633 273 642 271 649 272 655 270 665 271 676 274 666 283 658 287 651 289 644 288 634 285 643 275 650 275 656 274 656 279 650 281 643 280
622 276 632 273 641 270 649 272 655 269 664 271 675 273 665 282 657 287 650 288 642 288 633 284 642 274 649 275 656 274 656 279 649 280 642 279
622 276 632 272 641 269 648 271 654 268 663 270 674 273 664 281 656 285 649 286 642 286 633 283 642 274 649 274 655 273 655 277 648 278 641 278
623 275 633 271 641 269 647 270 654 268 663 270 674 272 664 281 656 285 649 286 641 286 633 283 641 273 648 273 655 272 655 276 648 278 641 277
623 275 632 271 640 268 647 270 653 268 662 269 673 272 663 281 655 285 648 286 641 286 633 283 641 273 648 273 654 272 654 276 647 278 640 277
622 274 631 270 640 268 647 269 653 267 663 269 673 272 664 279 655 283 648 285 641 285 632 282 640 272 647 273 654 271 654 275 647 277 640 276
623 274 633 270 641 267 648 269 655 267 664 268 674 271 665 280 657 284 650 285 642 285 633 282 641 272 648 272 655 271 655 276 649 277 641 277
623 274 632 270 640 267 647 269 653 266 662 268 673 271 663 280 655 284 649 285 641 285 633 282 641 272 648 272 654 271 654 276 648 278 641 277
623 274 633 270 641 267 648 269 654 267 663 268 673 271 664 280 656 284 649 285 642 285 634 282 641 272 648 272 655 271 655 275 648 277 641 276
622 274 632 269 641 267 648 268 654 266 663 267 674 270 665 279 656 284 649 285 642 285 633 282 641 271 648 272 655 271 655 275 648 277 641 276
622 274 632 269 640 266 648 268 655 265 664 267 675 270 666 280 657 286 649 287 641 287 632 284 641 271 648 271 655 270 656 276 649 278 641 277
622 274 632 269 640 266 648 267 654 265 664 266 674 270 665 281 656 286 649 287 641 287 632 284 641 271 648 271 655 269 655 275 648 277 640 276
623 274 632 268 640 265 647 267 655 264 664 266 674 270 665 280 657 285 649 287 641 286 632 283 641 270 648 270 655 269 655 274 648 276 641 275
622 274 631 269 640 266 647 268 654 265 663 267 672 271 664 283 655 288 648 289 640 289 631 284 640 271 647 271 654 270 654 276 647 277 640 276
624 277 632 271 640 268 648 270 655 267 664 269 672 274 665 284 657 289 649 291 641 290 632 286 641 273 648 273 655 272 655 278 648 279 640 278
624 278 632 273 640 270 647 272 654 270 663 272 673 276 664 286 656 291 649 293 641 292 633 288 641 274 648 275 655 274 655 281 648 282 641 281
626 279 634 272 643 269 649 271 656 269 666 271 675 276 666 286 657 291 650 292 643 292 635 288 643 275 650 275 657 274 656 280 650 281 643 280
626 276 635 270 644 267 651 268 658 266 667 268 677 273 668 284 660 289 652 291 644 290 635 286 644 272 652 272 659 271 659 278 652 280 644 279
627 273 636 267 645 264 652 266 659 263 668 266 677 270 669 279 661 284 654 285 646 285 637 281 645 269 653 269 660 268 660 273 653 275 645 274
628 271 638 266 646 263 653 265 659 263 669 265 678 269 669 277 661 282 654 283 647 283 638 279 647 268 654 268 660 267 660 272 653 274 646 273
630 273 639 267 647 265 654 267 661 264 670 267 679 270 672 281 664 286 656 287 648 286 639 282 647 270 655 270 662 269 663 275 655 276 648 275
629 277 638 273 647 271 654 273 662 271 670 272 679 275 671 283 663 287 655 289 647 288 639 285 647 275 655 275 662 274 662 278 654 279 647 279
630 281 640 277 650 274 658 276 664 274 674 276 683 280 674 292 666 297 658 298 650 298 640 293 650 279 658 280 665 279 665 285 658 286 650 286
632 283 645 280 656 278 662 280 668 278 677 280 687 283 678 295 669 299 662 300 655 299 644 294 655 282 662 283 669 283 669 289 662 290 656 289
635 282 649 280 660 280 666 282 673 281 680 283 688 285 679 293 672 296 665 297 658 296 647 291 659 283 666 285 673 285 672 288 665 289 658 287
638 280 652 279 663 279 670 282 675 280 684 283 692 286 682 295 673 298 667 298 660 297 650 292 663 283 669 285 675 285 674 289 668 289 662 288
640 279 654 280 666 279 672 282 678 281 686 283 695 285 685 293 678 296 671 296 664 295 653 290 665 284 672 285 678 285 678 287 672 287 665 286
641 278 656 279 668 279 675 281 681 280 689 282 697 283 687 290 679 293 673 293 666 291 655 287 667 283 674 284 680 284 680 285 674 286 667 284
641 278 656 279 667 279 674 281 681 280 689 281 697 283 687 290 680 293 673 293 666 292 655 288 667 283 674 284 680 283 680 285 673 286 666 284
643 278 657 278 669 277 675 280 681 279 689 281 697 283 688 292 680 294 674 295 667 293 656 288 668 282 675 283 681 283 681 286 674 286 668 285
643 277 657 277 668 276 674 279 681 278 689 280 698 282 688 291 680 294 673 295 666 293 655 288 668 281 674 282 681 282 681 285 674 286 667 285
640 276 655 275 667 275 673 277 680 276 688 278 697 281 687 290 678 292 671 293 663 291 653 286 666 279 673 280 679 280 679 284 672 285 665 284
640 274 653 273 664 273 670 275 677 274 686 276 695 279 684 288 675 290 668 291 661 289 651 284 663 277 670 278 677 278 676 282 669 282 662 281
637 273 651 272 662 271 669 273 675 272 683 274 693 278 682 286 674 289 667 290 660 288 650 283 661 276 668 277 675 277 674 281 668 281 661 280
638 272 649 270 659 269 666 272 673 270 682 273 690 276 681 284 672 288 664 288 657 287 647 282 658 274 665 275 673 275 672 278 665 278 658 277
640 271 650 269 659 268 666 271 673 269 681 272 690 274 681 283 672 285 665 286 657 284 649 280 658 273 665 274 673 274 672 276 665 276 658 274
640 269 651 267 659 267 666 269 673 268 681 270 690 273 680 280 672 283 665 283 657 282 649 278 659 271 666 272 673 272 672 273 665 274 658 272
641 269 651 267 660 266 666 268 673 267 682 269 691 272 682 280 673 282 666 283 658 282 650 277 659 270 666 271 673 271 673 272 666 273 659 271
642 269 654 267 662 266 669 268 676 267 684 269 693 272 683 279 675 282 668 282 661 281 652 277 662 271 669 272 676 272 675 273 668 273 661 272
642 269 653 267 662 267 669 269 676 267 685 270 695 272 685 280 676 283 669 284 661 283 652 278 662 271 669 272 676 272 676 274 669 274 662 273
643 271 655 269 665 268 671 270 677 269 687 271 697 275 687 285 677 289 670 289 663 288 654 283 664 273 670 274 677 274 677 278 671 279 664 278
645 273 655 271 665 270 671 272 679 271 687 274 697 277 686 286 677 290 670 290 662 289 654 284 664 274 671 275 678 275 678 280 670 281 664 280
645 273 657 272 666 271 673 273 679 272 688 275 697 278 687 287 678 289 671 290 664 288 655 283 666 276 672 277 679 277 678 279 672 280 665 278
647 273 658 272 668 271 674 273 680 272 688 275 698 278 687 286 679 289 672 289 665 288 656 283 667 276 673 277 680 277 679 279 673 279 666 277
647 272 659 271 669 271 674 273 681 272 690 275 700 277 689 285 680 287 673 288 667 286 658 282 668 276 674 277 681 277 680 278 674 278 668 276
647 272 658 271 667 270 673 274 680 272 689 274 698 277 688 285 679 287 672 287 664 286 656 282 666 276 673 277 680 277 679 278 672 278 666 276
647 275 658 272 667 271 673 273 679 272 688 275 697 278 687 287 678 290 672 291 665 289 656 284 666 276 672 277 679 277 679 279 672 280 666 279
645 275 655 272 664 271 670 273 677 272 685 275 694 278 685 288 676 291 669 292 662 290 654 285 664 276 670 277 677 277 676 280 669 281 663 279
642 275 653 273 662 271 668 274 674 272 683 275 691 278 682 287 674 290 667 290 661 289 652 285 662 277 668 278 674 277 674 279 668 280 662 278
639 276 650 274 659 272 666 274 672 272 681 275 691 278 681 286 672 290 665 290 658 289 649 285 659 277 666 278 672 278 672 279 666 280 659 279
637 276 648 274 657 272 663 275 670 273 679 276 689 278 679 286 670 289 663 289 656 288 647 285 657 277 663 278 670 278 670 279 663 280 657 278
635 276 646 275 656 274 662 276 669 275 678 277 688 279 678 286 669 288 662 288 655 288 645 284 655 278 662 279 669 279 669 280 662 280 655 279
635 278 646 277 655 276 662 278 668 276 677 278 687 280 677 288 668 290 662 291 654 290 645 287 655 280 662 281 668 280 668 282 661 282 655 281
633 281 645 279 655 278 661 280 667 278 676 280 686 283 676 290 667 293 660 293 653 293 644 289 654 283 661 284 667 283 667 284 660 285 654 284
632 283 643 281 652 280 658 282 665 280 674 282 685 284 674 293 665 296 658 297 650 296 642 292 651 285 658 286 665 285 664 286 658 287 651 286
631 284 642 281 651 279 657 281 663 279 673 282 683 285 672 295 663 298 657 298 650 297 641 293 651 284 657 285 663 285 663 287 657 287 650 286
631 283 642 280 651 278 657 281 663 279 672 281 682 284 672 293 663 296 657 297 650 296 641 292 651 283 657 284 663 284 663 285 656 286 651 285
631 282 641 279 650 277 656 280 662 278 671 280 682 283 671 292 662 295 655 296 648 295 640 291 650 283 656 284 662 283 662 284 655 285 649 284
630 282 640 278 649 276 655 278 662 276 672 279 682 282 672 291 663 294 655 295 648 294 640 290 648 281 655 282 662 281 662 283 655 284 648 283
630 282 640 278 649 276 655 278 662 276 671 279 682 282 671 291 662 295 655 296 648 295 639 291 648 282 655 283 662 282 662 283 655 284 648 283
629 283 639 279 647 276 654 279 661 277 670 279 680 283 671 292 662 296 654 296 647 295 638 291 647 282 654 283 661 282 661 284 654 285 647 284
629 283 639 279 647 277 654 280 661 278 670 280 680 283 670 293 661 296 654 297 647 296 638 292 647 283 654 284 661 283 661 284 654 285 647 284
630 285 639 281 648 279 655 281 661 279 670 281 680 285 670 295 662 299 655 300 647 299 639 294 648 284 655 285 661 285 661 287 654 288 647 286
632 288 642 284 651 282 658 284 664 282 673 284 684 287 674 299 665 304 658 305 650 304 642 298 651 288 658 289 664 288 664 291 658 292 650 291
636 293 646 289 655 286 661 288 667 286 676 287 685 290 676 302 668 307 662 308 655 307 646 303 655 292 661 293 667 292 667 294 661 296 655 295
636 293 647 291 655 290 663 292 669 290 678 290 689 289 679 299 671 303 664 304 656 303 647 301 655 294 663 295 670 293 670 294 664 295 656 294
635 292 646 290 655 289 663 291 669 289 678 288 688 288 679 299 672 304 664 305 656 305 646 301 655 293 663 294 670 293 670 294 663 296 655 295
633 291 645 288 654 287 661 288 668 286 677 286 687 287 678 298 670 304 662 306 655 306 645 302 654 291 662 292 668 290 668 294 662 296 655 295
631 290 641 287 651 285 658 287 664 284 674 285 684 287 674 298 666 303 659 305 651 304 641 300 651 289 658 290 665 289 665 294 658 295 651 294
629 288 640 286 649 284 656 286 663 284 672 284 683 286 673 297 665 302 657 303 650 303 640 299 649 289 657 289 663 288 664 292 657 293 650 293
627 288 638 286 647 284 655 286 661 284 671 285 681 286 671 297 662 302 655 303 647 303 638 298 647 289 655 289 662 288 662 292 655 293 647 292
627 288 638 286 647 285 653 286 660 285 669 286 680 288 669 297 661 302 654 304 647 303 638 299 647 289 653 290 660 289 660 293 653 294 647 293
629 289 640 287 649 285 656 287 662 285 672 286 682 288 673 300 664 305 656 306 649 306 639 301 649 289 656 290 663 289 663 295 656 296 649 295
634 290 643 287 652 285 659 288 665 285 675 286 685 288 676 298 667 303 660 304 652 304 643 300 652 290 659 291 666 290 666 293 659 294 652 293
639 291 649 287 657 285 664 286 670 284 679 285 690 286 680 297 672 301 666 302 659 302 649 299 658 290 664 290 671 289 671 291 665 292 658 292
642 290 652 286 660 284 666 285 672 283 681 283 691 284 683 294 676 299 669 300 662 300 653 297 660 288 667 289 673 287 674 289 668 290 661 290
642 289 651 284 659 282 666 283 672 281 681 282 691 284 683 292 675 297 668 298 661 298 652 295 660 287 667 287 673 286 673 287 667 288 660 288
639 287 649 283 658 280 665 282 671 279 680 280 691 281 682 291 674 295 667 297 660 297 650 294 659 285 665 286 672 284 672 285 666 287 659 286
637 285 648 281 657 278 664 279 669 277 679 278 690 280 680 289 672 293 665 295 658 294 649 292 657 283 664 283 670 282 670 283 664 285 657 284
636 281 646 278 655 275 661 277 667 275 677 276 688 278 678 286 669 290 662 291 655 290 647 288 655 281 661 281 668 280 668 281 662 282 655 281
632 277 644 275 653 273 659 275 665 273 675 274 687 274 676 282 666 286 660 286 654 286 644 283 653 278 659 279 665 278 666 278 660 279 653 278
628 275 641 273 650 271 657 273 663 271 673 272 684 272 674 281 664 284 658 285 650 284 640 281 650 275 657 276 664 275 663 276 657 277 650 276
626 274 637 271 646 269 653 271 659 268 669 269 682 270 670 278 661 281 654 282 646 282 638 280 646 273 653 273 660 272 659 274 653 275 646 274
621 273 632 270 641 268 648 270 654 267 664 268 677 270 666 278 657 281 649 282 642 282 633 280 641 272 648 273 655 272 655 273 649 274 641 273
616 274 627 271 636 268 643 270 649 268 659 269 672 271 661 278 652 282 644 283 637 283 628 281 636 273 643 273 650 272 650 274 643 275 636 274
612 275 623 272 632 269 639 271 645 268 655 269 668 270 657 278 647 282 641 283 633 283 624 281 632 274 639 274 646 273 646 274 640 275 632 275
609 277 619 273 628 270 634 272 641 269 652 270 665 271 653 280 644 284 636 285 629 285 620 283 628 275 635 275 642 274 642 276 635 277 628 277
606 277 616 274 624 272 631 273 637 270 648 271 661 271 650 279 640 283 633 285 626 285 617 283 625 276 632 276 638 274 639 276 632 278 625 277
604 278 613 274 620 272 627 273 634 271 644 271 657 272 646 282 637 286 629 287 622 287 614 285 621 276 628 276 635 275 635 277 628 279 621 279
602 279 611 275 618 272 625 273 631 270 642 271 656 271 645 281 635 286 629 287 621 288 613 286 619 277 626 276 633 275 633 278 627 280 620 280
600 279 609 275 616 272 624 273 630 270 641 271 654 271 644 282 634 287 627 289 619 290 611 287 617 277 625 277 632 275 632 279 625 281 618 281
600 280 608 276 615 273 622 274 629 271 640 271 653 272 642 282 633 287 626 289 619 289 610 287 616 277 624 277 631 275 631 279 624 281 617 281
600 281 607 277 615 274 622 275 628 272 638 272 651 272 641 283 632 288 625 290 617 290 609 287 616 278 623 278 630 276 630 279 623 282 616 281
602 281 609 277 616 274 624 275 630 272 639 273 651 273 642 284 634 289 627 291 619 291 611 288 617 279 625 279 631 277 631 279 625 281 618 281
602 281 610 277 617 273 624 275 630 272 639 273 651 274 642 284 634 289 626 291 619 291 611 289 618 278 625 278 631 277 632 279 625 281 618 281
604 280 612 277 620 274 626 275 631 273 641 273 653 273 644 283 635 287 629 289 622 289 614 287 620 279 627 279 633 278 633 278 627 280 621 279
604 280 613 276 621 274 627 275 634 273 644 273 656 273 646 282 637 287 630 288 623 289 615 287 622 279 628 279 635 278 635 278 629 280 622 280
607 281 616 278 624 275 630 276 636 274 647 274 659 273 649 283 640 288 633 290 626 290 618 288 625 280 631 280 637 278 638 281 631 283 625 283
607 281 616 277 624 274 630 275 637 272 647 273 660 274 649 284 639 290 632 292 625 292 617 288 625 279 631 279 638 277 638 281 631 283 624 282
611 282 620 278 627 275 634 277 640 274 650 274 662 275 652 285 643 291 636 293 629 293 621 289 628 279 634 279 641 278 641 283 635 285 628 284
616 282 624 280 631 278 637 279 643 276 653 276 664 275 655 286 646 290 639 292 633 292 625 289 632 281 638 282 644 280 644 281 638 283 632 282
618 284 626 280 633 278 638 279 645 276 655 277 666 277 657 286 648 291 641 292 635 292 628 290 633 282 639 282 646 281 646 282 640 284 633 283
615 283 625 280 634 277 641 278 647 275 658 276 672 278 661 290 651 295 644 297 636 297 627 293 634 283 641 283 648 282 650 283 643 285 636 284
615 283 626 278 635 275 642 276 648 274 660 275 672 278 662 291 652 297 644 298 637 298 627 294 635 280 642 280 649 279 650 286 643 287 636 287
615 282 626 278 635 275 642 277 648 274 660 275 672 277 662 288 652 293 644 294 637 294 627 291 636 281 643 281 649 279 650 284 643 285 636 284
619 283 629 279 638 276 644 277 650 275 660 275 672 277 662 286 653 290 646 292 639 292 630 290 638 280 645 280 651 279 651 281 645 283 639 283
618 283 629 280 638 278 645 279 651 276 661 276 674 277 663 285 654 289 647 290 640 291 631 289 639 282 645 282 652 280 652 281 646 283 639 283
618 283 629 281 638 278 645 279 651 276 662 276 675 277 664 286 655 289 648 291 641 291 631 290 639 282 646 282 652 281 653 281 647 283 640 283
620 284 630 281 638 279 646 280 652 277 663 277 675 278 665 287 656 291 649 293 641 293 631 291 639 283 647 283 654 281 654 283 647 285 639 284
622 284 631 280 640 277 647 279 654 276 663 277 675 278 664 288 656 293 649 295 641 295 632 291 640 281 648 282 655 280 654 285 647 287 640 286
625 281 633 278 641 275 649 277 656 274 665 275 676 277 666 287 658 292 650 293 642 293 634 290 642 279 649 280 657 278 656 284 649 286 642 285
625 279 635 276 643 273 650 275 656 272 666 273 677 275 667 284 658 289 652 291 644 291 635 288 643 278 651 278 657 276 657 280 651 283 643 282
627 280 636 275 645 272 652 273 659 270 669 271 680 273 670 283 662 288 655 290 647 290 638 288 646 276 653 276 660 275 660 279 654 282 646 281
627 280 637 275 646 272 653 273 659 270 670 271 680 273 672 284 663 289 656 291 648 291 638 289 646 277 653 276 661 275 661 280 654 282 647 282
627 281 637 276 645 273 652 274 659 272 669 272 680 275 671 283 662 287 655 289 647 290 638 288 646 278 653 278 660 276 661 280 654 282 646 281
629 281 638 277 646 274 653 275 660 272 671 273 682 275 673 284 664 289 656 291 648 291 639 289 647 278 654 278 662 276 662 280 655 282 647 282
629 280 639 276 647 274 654 275 661 272 671 273 683 275 673 283 664 288 657 289 649 289 640 287 648 278 655 278 663 276 663 279 656 281 648 281
628 279 638 275 647 273 655 274 662 272 672 273 683 275 673 283 664 288 656 289 648 290 639 287 648 278 655 278 663 276 663 279 655 281 648 280
629 278 640 274 649 271 656 272 663 270 673 271 684 273 674 282 665 286 657 287 650 287 641 285 649 276 656 276 664 275 664 277 657 278 649 278
629 276 640 273 649 270 655 272 663 270 672 271 684 272 673 281 664 285 657 286 649 286 640 284 649 275 656 275 663 274 663 276 656 277 649 277
629 276 640 272 648 269 656 271 663 269 672 270 683 273 673 281 664 285 657 286 649 286 640 284 649 275 656 275 663 274 663 276 656 278 649 277
629 277 639 272 648 269 655 271 662 268 672 270 683 273 673 282 664 286 657 288 649 288 640 285 648 275 655 275 663 274 663 277 656 279 648 278
628 277 639 272 647 269 654 271 661 268 670 270 681 273 672 282 663 286 656 288 648 287 639 285 648 274 655 275 662 273 662 277 655 278 648 278
630 277 639 272 647 269 654 271 661 268 671 269 681 272 672 281 664 286 656 287 648 287 640 284 647 274 655 274 662 273 662 277 655 278 648 278
629 276 638 270 647 267 654 269 660 266 670 268 680 271 671 280 663 285 655 286 647 286 639 283 647 272 654 272 661 271 661 276 654 278 647 277
628 274 638 269 646 266 653 267 659 265 669 267 680 270 671 280 662 284 655 285 647 285 638 282 646 271 654 271 661 270 661 275 654 276 647 276
627 273 636 268 645 265 652 266 658 264 668 265 678 269 669 278 661 282 654 283 646 283 637 281 645 270 652 270 659 269 659 272 653 274 646 273
626 273 635 268 643 265 651 266 657 263 667 265 677 268 668 277 660 282 653 283 645 283 637 281 644 270 651 270 658 268 659 273 651 274 644 274
625 273 634 268 643 265 650 266 656 263 665 265 676 268 667 277 659 281 652 282 644 283 635 281 643 269 650 269 657 268 657 272 651 274 643 273
625 274 634 269 642 266 649 267 656 265 664 266 675 269 666 278 659 282 651 283 643 283 635 281 642 270 650 271 657 269 657 272 650 274 643 273
625 274 634 269 642 267 649 268 655 266 665 267 675 270 666 278 658 282 651 283 643 283 635 281 642 272 650 272 656 271 656 272 650 274 642 273
625 274 634 270 642 267 649 269 656 267 666 268 676 270 667 278 659 282 652 283 644 283 635 281 643 272 650 272 657 271 657 273 650 274 643 273
625 274 634 270 642 268 650 269 656 267 665 268 676 269 667 278 658 282 651 283 643 283 635 280 643 272 650 272 657 271 657 273 650 274 642 273
627 274 636 270 644 267 651 269 657 267 666 268 677 269 668 279 660 282 653 283 646 283 637 281 645 272 651 273 658 272 658 272 652 274 645 273
627 274 636 270 644 268 651 269 657 267 666 268 677 268 668 278 660 282 653 283 646 283 637 281 645 273 651 273 658 271 658 273 652 274 645 274
626 273 636 270 644 268 651 270 657 267 667 268 679 267 669 278 660 283 653 284 646 284 637 282 645 273 652 273 658 272 658 273 652 275 645 274
629 274 637 270 645 268 651 269 657 267 667 268 678 268 669 279 660 283 654 285 647 285 638 282 645 273 652 273 658 272 659 273 652 275 646 274
630 275 637 271 644 268 651 270 657 267 666 268 676 269 668 280 660 284 653 286 646 286 638 283 645 273 652 274 658 272 659 273 652 276 645 275
631 276 637 271 645 268 652 270 658 267 667 268 676 270 669 280 661 285 654 287 647 287 639 284 645 274 652 274 659 272 659 274 653 276 646 275
631 276 638 271 646 268 652 270 657 267 667 268 676 270 669 282 661 286 654 288 647 288 639 285 646 273 653 273 659 272 659 275 653 276 646 276
631 277 638 271 646 268 652 269 659 266 668 268 678 271 670 282 662 287 655 288 647 288 640 285 646 273 653 273 660 272 660 275 653 277 646 276
631 276 638 271 646 268 652 270 658 267 667 268 676 271 669 281 661 286 654 287 647 287 639 284 646 273 653 274 659 272 659 275 653 276 646 276
630 276 638 270 646 267 652 269 658 266 667 268 676 271 669 281 661 286 654 288 647 287 639 285 646 273 653 273 659 271 660 274 653 276 646 276
632 276 638 270 646 267 652 268 659 265 668 267 677 271 670 281 662 286 655 288 647 288 639 285 646 272 653 272 660 271 660 274 653 276 646 275
630 273 638 269 647 265 653 267 659 264 668 266 678 269 670 280 662 285 655 287 647 287 639 283 647 271 654 271 660 270 660 273 654 275 647 274
629 270 638 264 647 260 654 262 661 259 671 261 681 265 672 275 664 280 656 282 649 282 639 279 648 266 655 266 662 265 662 270 655 272 648 272
629 264 640 258 649 254 656 255 663 252 673 254 684 258 674 265 666 269 658 270 650 271 641 270 649 259 657 259 664 257 664 260 657 262 650 262
627 258 639 250 649 246 657 247 664 244 674 246 685 251 675 257 666 259 659 261 651 262 640 262 650 251 658 251 665 250 665 252 658 253 650 254
628 252 640 244 650 239 658 240 666 238 675 240 686 245 676 251 668 254 660 255 653 256 642 257 651 245 659 245 666 243 667 246 659 247 652 248
628 250 640 241 649 237 657 237 664 235 673 237 685 242 675 247 667 248 659 250 652 250 642 252 650 242 657 241 665 240 665 243 658 244 651 244
626 248 638 240 648 236 655 237 663 234 673 236 685 241 674 246 666 248 658 249 650 250 639 251 648 241 656 240 664 239 664 241 657 243 649 244
624 248 636 241 646 237 654 237 662 235 671 236 681 241 673 247 664 248 657 250 649 251 638 252 647 242 655 241 662 240 663 242 655 244 648 244
622 248 634 242 644 238 652 239 659 236 669 238 682 242 671 249 662 251 654 253 646 253 636 253 645 243 653 243 660 241 660 244 653 246 645 246
623 251 633 243 643 239 651 240 658 237 668 239 679 245 670 252 661 255 653 257 645 258 635 256 644 245 652 244 659 243 659 247 652 249 644 249
621 251 632 244 641 241 649 242 656 239 666 241 677 246 668 255 659 258 651 259 643 259 633 258 642 247 650 246 657 245 657 249 650 251 642 251
621 251 632 245 640 241 648 242 654 239 664 241 676 244 666 251 658 255 651 257 643 257 633 255 641 247 649 246 655 245 656 247 649 249 642 249
617 250 629 245 638 241 646 242 652 240 663 241 675 242 664 250 656 254 649 255 640 255 631 254 639 246 647 245 654 244 654 245 647 247 639 247
614 250 627 245 636 242 644 242 650 240 661 241 673 242 663 250 654 253 647 255 639 255 629 255 637 246 644 245 651 244 652 245 645 247 638 247
611 249 623 245 633 242 640 243 646 240 656 242 669 243 658 250 649 254 642 256 635 256 625 255 633 247 640 246 647 245 648 246 641 247 634 247
610 250 620 245 628 241 635 242 641 240 651 241 662 244 653 252 645 257 638 258 630 258 621 256 629 246 636 246 642 245 643 247 636 248 629 248
605 250 615 244 622 241 630 242 636 239 646 241 656 244 648 252 639 257 632 258 625 258 616 257 623 245 630 246 637 244 638 247 631 249 623 248
600 250 610 244 618 241 625 242 632 239 641 241 651 244 643 252 635 256 628 257 620 257 611 256 618 245 626 245 633 244 634 246 627 248 619 248
594 249 605 244 613 241 619 241 626 239 636 240 647 242 638 251 630 256 623 257 615 257 606 256 614 245 620 245 627 244 628 246 621 247 614 247
591 250 599 244 607 240 614 242 622 239 631 240 641 243 633 250 625 255 618 257 610 257 601 255 608 245 615 245 623 243 624 245 616 247 608 247
584 249 593 243 601 240 608 241 615 238 625 239 636 241 627 251 619 255 611 257 603 257 594 255 602 245 609 245 616 243 617 245 610 247 602 246
579 248 588 243 595 239 603 240 610 237 619 238 630 240 622 250 614 254 607 256 598 256 590 254 596 244 604 243 611 242 612 244 605 246 597 246
573 248 583 242 591 238 598 239 605 236 616 237 627 241 619 250 610 254 602 256 594 256 585 254 592 243 599 243 607 241 608 243 601 245 593 245
570 247 579 241 586 237 594 238 601 236 610 236 621 239 613 248 605 252 598 254 590 255 581 253 587 243 595 242 602 240 603 243 596 245 588 245
567 247 574 240 581 237 589 238 595 235 605 237 616 240 607 249 599 253 591 255 583 255 575 253 582 242 589 242 596 240 596 243 590 245 582 245
560 247 570 241 577 237 585 239 592 235 601 236 612 239 604 247 596 252 588 254 580 254 571 252 578 242 586 242 593 240 594 243 587 245 579 245
553 249 565 243 574 238 581 240 588 236 598 238 610 241 601 250 592 254 585 256 577 257 567 255 575 244 582 243 589 241 590 246 583 248 575 248
552 250 562 245 571 241 578 242 584 239 593 240 604 243 595 250 588 254 581 255 574 256 564 255 572 246 579 245 585 244 586 247 580 249 573 249
549 254 560 248 569 245 576 246 583 243 592 244 603 247 593 254 586 257 579 259 572 259 562 259 570 250 577 249 584 248 584 250 578 252 570 252
547 259 558 254 567 251 574 252 580 249 589 249 601 252 592 259 584 263 577 265 570 266 560 265 568 255 575 255 581 253 582 256 576 258 568 258
545 265 557 260 565 256 572 257 579 255 587 255 598 258 589 266 582 270 575 272 567 272 558 271 566 261 573 261 580 259 580 262 573 264 566 264
541 271 553 265 563 261 570 263 576 260 584 261 595 263 586 273 579 276 572 278 564 278 555 277 563 267 570 266 577 265 577 267 571 269 563 269
539 272 550 265 559 262 566 263 573 261 581 262 592 265 583 275 575 280 568 282 560 282 551 280 559 267 567 267 574 266 574 270 567 272 559 272
539 269 549 263 557 260 564 261 570 258 579 260 589 264 581 275 573 280 567 282 559 282 550 278 558 265 565 264 571 263 572 271 565 272 558 272
540 268 549 261 556 258 563 259 569 256 578 258 587 262 580 274 572 279 565 280 558 280 550 277 557 263 563 263 570 262 570 268 564 270 557 269
541 268 549 261 556 258 562 259 568 257 576 259 586 263 578 274 571 278 565 280 558 279 550 276 556 263 563 263 569 262 570 268 564 269 557 268
540 272 548 265 555 261 561 262 567 260 575 262 585 267 577 278 570 281 563 282 556 282 549 279 555 266 562 267 568 266 568 270 562 272 555 271
539 272 548 266 556 263 562 265 567 262 576 264 586 268 578 278 570 283 564 284 557 283 549 281 556 268 563 269 568 268 569 271 563 273 556 272
541 273 549 267 556 263 563 265 569 262 578 265 587 269 579 278 571 282 565 283 558 283 550 280 557 269 563 269 569 268 570 270 564 272 557 271
542 272 550 266 558 263 564 264 570 262 578 264 588 268 580 278 573 281 566 283 559 282 551 280 558 268 565 268 571 267 571 270 565 271 559 270
542 273 550 267 558 264 564 265 570 263 579 264 589 267 580 277 572 281 566 282 559 282 551 279 558 269 565 269 571 268 571 270 565 271 559 270
541 273 549 268 557 264 564 266 569 263 579 264 589 267 581 277 572 281 566 283 559 282 551 280 558 271 564 271 570 270 571 270 565 272 558 271
536 277 544 271 552 268 559 269 565 266 575 267 585 269 577 279 568 284 561 286 554 286 545 283 553 274 559 274 566 272 566 273 560 275 553 275
531 281 537 275 544 272 551 273 558 270 568 271 580 273 570 284 561 289 554 291 546 290 538 288 544 278 552 277 559 276 559 278 552 280 545 279
526 283 532 279 539 276 545 278 551 275 562 276 575 275 564 286 555 292 547 293 541 293 534 290 540 281 545 281 552 280 553 281 546 283 540 282
527 286 533 282 540 279 546 281 552 278 563 278 576 278 565 290 556 295 549 297 542 297 535 294 541 284 547 284 554 283 554 284 547 286 541 285
531 290 538 285 544 282 551 283 558 280 569 280 582 281 572 293 562 298 555 300 547 300 540 298 545 286 552 287 559 285 560 287 553 288 546 288
539 291 546 287 553 284 560 285 566 282 576 282 588 283 579 294 570 300 562 302 555 302 548 299 554 289 561 289 567 287 568 289 561 291 554 290
544 292 551 288 558 285 565 287 572 284 582 284 593 284 584 295 576 301 568 303 560 303 553 301 559 290 566 290 573 288 574 290 566 292 559 292
547 293 554 290 561 287 568 288 575 285 585 285 596 286 587 297 578 302 571 304 563 304 556 302 562 291 569 291 576 290 576 291 569 293 562 293
548 294 556 290 563 287 570 288 577 285 588 285 600 285 590 297 581 302 574 305 566 305 558 302 564 292 571 291 578 289 579 291 572 293 565 293
549 292 558 288 565 286 571 287 578 284 588 284 600 285 590 297 582 302 574 304 567 304 560 301 566 291 572 291 579 289 580 291 573 293 566 293
549 291 558 287 565 284 571 286 578 283 588 284 599 284 590 295 582 300 574 302 567 302 559 300 565 289 572 289 579 288 580 289 572 291 566 291
547 288 557 285 565 282 571 283 577 280 587 281 599 281 589 293 581 298 573 300 567 300 558 298 565 287 572 287 578 285 579 287 572 289 565 289
548 288 557 282 564 279 570 281 577 278 587 278 599 280 589 291 581 296 573 298 566 298 558 296 565 284 571 284 578 283 579 285 572 287 565 286
546 284 556 280 563 277 570 278 576 275 586 276 597 277 589 288 580 293 573 295 566 295 557 293 564 282 571 282 577 281 578 282 572 284 565 284
547 283 556 279 564 275 570 276 577 273 587 274 599 275 590 286 581 292 574 294 567 294 558 292 565 281 571 280 578 279 579 281 572 283 565 283
545 282 555 278 563 275 570 276 577 273 586 274 598 274 589 286 581 291 573 293 566 293 557 291 564 280 571 280 578 278 579 280 572 281 565 281
548 282 557 277 564 274 571 275 577 272 588 273 600 274 590 285 581 290 574 291 566 291 558 289 565 279 572 278 579 277 579 279 572 281 565 281
549 278 559 275 567 272 573 273 579 270 590 271 602 272 591 282 583 286 576 288 569 288 561 286 568 277 574 277 581 275 581 277 575 279 568 278
551 276 563 272 571 270 576 271 583 269 593 269 605 269 594 279 586 283 579 284 573 284 564 283 571 275 577 274 584 273 584 275 578 276 572 276
555 274 566 271 574 268 581 269 586 267 596 267 609 268 599 278 590 281 583 282 576 283 567 281 574 273 581 273 587 272 588 273 582 275 575 274
558 273 569 270 577 267 584 269 590 266 600 267 613 267 602 277 593 280 587 281 579 282 570 280 578 272 584 272 591 271 591 272 585 273 578 273
558 274 570 271 579 268 586 270 592 267 603 268 616 267 605 277 595 281 589 282 582 282 572 280 580 273 587 273 593 272 593 273 587 274 581 274
561 274 572 272 581 270 587 271 593 268 604 269 616 268 605 278 596 282 590 284 583 283 574 281 582 275 588 274 594 273 595 274 589 276 582 276
562 276 574 274 583 271 589 272 595 269 605 269 619 269 607 279 598 283 591 285 585 285 575 283 583 276 590 276 596 274 596 275 590 277 584 277
564 277 576 275 584 272 590 273 596 270 606 271 619 271 608 280 599 284 593 286 586 286 577 284 585 277 591 276 597 275 597 277 591 279 585 278
564 279 576 275 585 273 591 274 597 271 607 271 620 272 609 283 601 287 594 288 587 288 577 287 586 277 592 277 598 276 599 279 593 280 586 280
565 279 576 276 585 273 591 274 596 272 606 272 618 273 608 283 599 287 593 288 587 289 577 287 585 278 591 277 597 276 597 279 592 281 586 281
566 280 577 276 585 273 591 275 597 272 607 273 618 274 608 284 599 288 593 289 587 289 578 287 586 278 592 278 598 277 598 280 592 282 586 281
565 280 576 277 584 274 591 275 597 273 606 273 619 274 608 284 600 289 593 290 587 290 578 288 585 279 591 278 598 277 598 280 592 282 586 281
565 281 575 278 584 275 590 276 596 273 606 274 619 275 608 285 599 289 593 290 586 290 577 289 585 280 591 279 597 278 598 281 592 282 585 282
564 281 575 277 584 275 590 276 596 273 606 274 618 275 608 285 599 289 593 291 586 291 576 288 585 279 591 279 597 278 597 281 591 282 585 282
565 282 576 278 584 275 590 276 596 274 606 275 618 276 608 285 599 290 592 291 586 291 577 289 584 280 591 280 597 278 598 281 591 283 585 282
565 282 576 278 584 275 590 276 596 273 606 275 618 276 608 287 599 291 592 292 585 292 577 290 585 279 591 279 597 278 597 282 591 284 585 283
565 282 576 278 584 275 591 276 597 274 607 275 618 276 608 286 600 290 593 292 586 292 577 290 585 280 591 280 598 279 599 281 592 283 585 282
566 282 576 278 584 275 590 276 596 274 606 275 617 277 607 286 599 291 592 292 585 292 577 290 584 280 591 280 597 279 597 281 591 283 585 283
567 282 577 278 585 275 591 277 597 274 606 275 617 277 608 286 600 290 593 292 586 292 578 290 585 280 592 280 598 279 598 281 592 282 586 282
569 283 578 278 586 275 592 276 598 274 607 275 617 277 609 286 601 291 594 292 588 292 579 289 587 280 593 280 599 278 599 281 593 282 587 282
570 283 579 278 587 275 593 277 600 275 608 276 618 278 610 287 602 292 595 293 588 293 580 290 587 280 594 280 600 279 600 281 594 283 587 282
573 284 581 279 588 276 594 277 601 275 609 276 618 279 611 288 604 293 596 295 589 294 582 292 588 281 595 281 602 279 602 282 595 283 589 283
572 284 581 279 589 276 595 278 602 275 611 276 622 279 613 289 604 294 597 296 591 295 582 293 590 281 596 281 603 280 603 283 596 284 590 284
570 284 580 280 589 276 595 278 601 275 611 277 622 279 613 290 604 295 597 296 590 296 581 293 589 282 596 283 602 281 603 283 596 285 589 284
571 283 579 278 586 275 592 277 599 274 608 275 617 278 609 289 602 294 594 296 587 295 579 292 586 280 593 280 600 279 600 282 593 284 586 283
568 277 577 273 585 271 591 272 597 270 606 271 616 272 607 284 599 290 592 291 586 291 578 287 585 276 591 276 598 275 598 278 591 280 585 279
570 275 576 269 583 267 589 268 596 266 605 267 615 269 607 280 599 285 592 287 585 287 577 283 584 272 590 272 597 270 597 274 591 276 584 275
568 274 576 269 583 266 589 268 596 265 605 267 615 269 607 280 598 284 591 286 584 285 577 282 584 271 590 272 596 270 597 273 590 275 584 274
568 275 575 271 581 269 587 270 593 268 602 269 612 270 604 280 596 285 589 286 583 286 576 283 582 274 587 274 593 273 594 274 588 275 582 275
563 274 572 272 580 270 585 272 591 269 600 270 611 270 602 282 593 287 587 288 581 287 572 284 580 274 586 275 592 274 592 276 586 277 580 276
561 271 571 269 579 267 585 269 590 266 600 267 611 267 601 279 592 284 586 285 580 285 571 281 579 272 585 272 591 271 591 274 585 275 579 275
562 267 571 263 578 261 585 263 591 260 600 261 612 263 602 274 593 278 587 279 580 279 572 276 579 266 585 266 591 265 592 270 586 271 579 270
562 262 571 258 579 255 585 257 591 254 601 256 613 258 603 270 594 275 587 276 580 276 571 272 579 260 586 260 592 259 592 265 586 266 579 265
563 259 572 256 580 253 586 255 592 253 602 254 612 256 603 265 594 270 588 271 581 270 573 267 580 258 587 258 593 258 593 260 587 262 581 261
563 258 573 255 582 253 587 254 593 252 602 253 614 254 604 264 595 267 589 268 583 268 574 266 582 257 588 258 594 257 594 258 588 259 582 259
566 258 577 254 584 252 590 254 596 252 606 253 616 255 607 264 598 267 592 267 585 267 577 265 585 257 591 258 597 257 597 258 591 259 585 258
573 257 583 253 591 252 597 254 604 252 613 253 623 255 614 264 606 267 599 268 592 267 584 265 592 257 598 257 605 256 605 258 598 259 592 258
580 258 591 254 600 252 606 254 611 252 619 253 628 256 620 265 613 269 606 270 600 269 591 266 600 257 606 257 612 257 612 259 606 260 600 259
582 258 593 254 602 252 608 253 613 251 622 253 631 256 622 264 614 267 609 268 602 268 593 265 602 256 608 257 614 256 614 258 608 259 602 258
581 257 593 254 601 252 607 254 613 252 621 254 631 256 622 264 614 267 608 267 601 267 592 265 601 257 607 257 613 257 613 258 607 259 601 258
579 258 590 255 598 253 604 255 609 253 618 255 628 258 618 266 610 270 604 270 598 270 589 267 598 258 604 259 610 258 610 260 604 261 598 259
580 261 590 255 598 252 605 254 611 252 619 254 628 259 620 268 612 273 605 274 598 273 590 270 599 258 605 258 611 257 611 261 605 263 598 262
585 260 594 254 602 251 609 253 615 251 623 253 631 258 623 267 616 271 609 272 602 271 594 268 602 257 609 257 615 256 615 261 609 262 602 261
589 260 598 254 606 251 613 253 619 251 626 253 633 258 627 265 620 269 613 270 607 270 598 267 606 256 613 257 619 256 619 258 613 260 606 259
586 261 597 255 606 252 612 254 618 252 626 254 634 259 626 266 619 269 612 271 606 270 597 268 606 257 612 258 618 257 618 259 612 260 605 260
582 262 591 256 599 254 607 255 613 253 621 255 629 260 622 268 614 272 608 273 600 272 591 269 599 258 607 259 613 258 614 261 607 262 600 261
575 262 585 258 593 256 600 258 606 256 615 258 623 262 615 271 608 274 601 275 593 275 585 271 593 261 600 261 607 261 607 263 601 264 593 264
571 266 580 261 589 258 596 260 602 258 611 260 620 264 612 273 604 277 596 278 589 277 580 274 589 263 596 264 603 263 603 265 596 267 589 266
