632 313 644 305 658 300 667 304 678 302 691 308 703 318 691 330 678 335 666 336 656 334 643 328 657 309 667 311 678 310 678 323 667 324 657 322
632 313 644 305 657 301 667 304 678 302 691 308 703 318 691 331 677 335 666 335 655 334 643 328 657 310 667 311 678 311 677 323 667 324 656 322
632 314 644 305 658 301 668 304 678 302 691 308 703 318 691 330 678 335 666 335 656 333 643 328 657 309 667 311 678 310 678 323 667 324 657 322
632 314 644 305 658 301 667 304 678 302 691 308 703 318 691 331 677 335 666 335 656 333 643 328 657 310 667 312 677 311 677 323 667 324 657 321
631 314 644 305 658 301 667 304 677 302 690 308 703 318 690 331 677 335 666 335 656 334 643 328 657 310 667 311 677 310 677 323 666 324 657 322
632 314 644 305 657 301 667 305 677 303 690 308 702 319 690 331 677 334 666 335 655 333 643 328 657 310 667 311 677 311 677 323 666 324 656 322
631 314 644 306 657 301 667 305 677 303 690 309 702 319 689 331 676 335 665 335 655 333 642 328 657 310 666 311 676 311 676 323 666 324 656 322
632 314 645 306 658 302 667 305 678 303 691 309 703 319 691 331 677 335 666 335 656 333 643 328 658 311 667 312 677 312 677 323 666 324 657 322
631 314 644 307 658 303 668 306 677 304 690 309 704 319 690 332 677 336 666 336 656 335 643 329 657 311 667 312 677 312 677 324 667 325 657 324
632 317 644 309 658 305 668 308 679 306 692 312 706 321 692 335 679 340 667 340 657 339 643 333 658 313 668 314 679 314 678 329 668 330 657 328
631 319 645 313 659 310 669 314 679 311 693 316 706 324 693 338 678 344 667 345 656 343 643 336 659 318 669 320 679 319 679 332 668 333 658 332
634 326 646 320 659 317 670 321 681 319 694 323 708 331 694 344 680 348 669 349 658 347 645 341 659 325 670 327 681 327 680 335 669 336 658 333
634 333 646 327 660 323 670 327 680 325 694 329 707 337 694 349 680 355 668 356 657 354 644 348 659 331 670 332 680 332 680 344 669 345 658 343
636 335 648 329 662 326 672 329 682 327 695 331 707 337 694 351 682 357 670 358 660 357 647 351 662 333 672 335 682 334 681 346 671 348 661 346
638 333 651 329 664 326 674 330 684 327 696 330 709 335 696 344 684 348 674 349 664 348 651 343 664 334 674 336 684 335 684 337 674 339 664 337
639 330 653 326 665 323 675 327 684 324 696 327 709 332 697 340 685 345 674 346 665 344 653 340 665 331 675 333 684 332 684 334 675 335 665 333
639 329 653 324 666 320 675 324 685 321 697 325 710 331 697 341 685 346 674 347 664 346 652 341 666 329 675 330 685 329 685 334 674 336 665 334
639 326 653 321 666 318 675 321 685 319 697 323 710 329 697 341 685 347 674 348 664 346 652 340 666 325 675 327 685 326 685 335 675 336 665 334
644 328 655 321 667 317 676 320 686 317 697 321 708 328 698 339 686 345 676 346 666 345 654 340 667 325 676 326 686 325 686 333 676 334 667 333
644 329 656 321 668 316 677 318 685 316 696 321 706 328 696 338 686 343 676 344 667 343 655 339 668 324 676 325 686 324 685 330 676 331 668 330
644 327 656 319 668 314 677 317 686 315 697 319 707 327 697 336 687 341 677 342 667 341 655 337 668 323 677 324 687 323 686 327 677 329 668 327
642 325 655 318 668 313 677 316 687 314 698 318 709 324 699 334 688 339 677 340 667 339 654 335 668 322 677 323 687 321 687 326 677 327 668 326
643 324 656 318 669 313 678 316 687 313 698 318 708 324 698 333 687 338 677 339 667 338 655 335 669 322 678 323 687 321 686 325 677 326 668 325
643 325 656 318 669 314 679 317 688 314 699 319 711 325 700 334 689 339 678 340 668 339 655 335 669 322 679 323 689 322 688 326 678 328 669 326
644 326 656 319 669 315 679 317 688 315 700 319 711 325 700 335 689 340 678 341 668 340 655 337 669 323 679 324 688 323 688 327 678 329 669 327
644 327 656 320 669 316 678 318 688 316 699 321 710 327 700 337 689 342 678 343 668 342 655 338 669 324 678 325 688 324 688 329 678 330 668 329
643 329 656 322 669 318 679 321 689 318 700 322 711 329 701 338 689 343 678 344 668 343 655 339 669 327 679 327 689 326 689 329 678 331 668 330
642 331 655 325 667 321 677 324 687 321 698 325 710 331 699 340 688 345 677 346 667 345 654 341 667 329 677 330 687 328 687 331 677 333 667 331
642 334 655 328 667 324 677 328 687 325 698 329 710 335 698 343 687 349 676 350 665 349 654 344 667 333 677 334 687 333 686 335 676 337 666 335
641 339 653 332 666 329 675 332 685 330 697 334 708 340 696 351 685 357 673 358 663 357 652 351 665 336 675 338 685 337 684 343 674 344 664 343
640 344 651 337 663 333 673 337 683 334 695 338 707 345 695 357 683 364 672 366 661 364 650 358 663 340 673 341 683 340 682 352 672 353 662 352
639 346 650 339 662 336 671 339 682 336 694 340 706 347 694 360 682 366 670 367 660 366 648 360 662 342 671 344 682 343 681 353 671 355 661 354
637 346 648 339 661 335 670 338 680 335 692 339 704 346 693 359 681 365 670 366 660 366 647 360 661 341 670 342 680 341 680 352 670 354 660 353
636 344 647 336 660 332 669 336 679 333 691 337 703 344 692 356 679 362 668 364 658 363 646 357 660 339 669 341 679 340 679 349 668 351 659 349
635 341 646 334 658 330 668 333 678 331 690 335 702 342 690 354 678 360 667 361 657 360 645 355 658 338 668 339 678 338 677 347 667 348 657 347
636 339 647 332 658 328 667 331 676 328 689 333 700 340 689 351 677 356 667 357 658 357 646 352 659 337 668 338 677 337 677 344 667 345 658 344
634 336 646 330 658 327 667 331 677 328 689 332 701 337 689 345 677 349 667 349 657 348 646 344 657 336 667 338 677 337 677 337 667 338 657 336
633 334 644 329 657 326 666 329 676 327 688 330 701 337 688 344 676 347 666 348 656 347 644 343 656 335 666 336 676 335 676 335 666 336 657 335
633 334 645 328 657 326 666 329 676 327 688 330 701 336 689 345 676 349 666 349 656 348 644 343 657 335 666 336 676 335 676 336 666 337 656 335
633 334 645 328 657 325 667 329 677 326 689 330 702 335 690 345 677 349 666 349 656 348 644 344 657 334 667 336 677 334 677 336 666 338 657 336
633 332 645 327 658 324 667 327 677 325 689 329 702 335 689 345 677 349 667 349 657 348 645 343 658 332 667 333 677 333 677 337 667 338 657 336
633 330 646 325 658 322 668 326 677 323 690 327 703 334 690 344 678 348 667 348 657 347 645 342 658 330 668 331 678 330 677 336 667 337 658 335
635 329 646 324 658 320 667 324 677 322 689 326 702 332 689 342 677 346 667 346 657 345 646 340 658 329 667 330 677 329 677 334 667 335 658 333
633 327 646 321 658 318 667 322 677 319 689 324 702 331 689 340 677 344 666 344 657 343 645 338 658 327 667 328 677 327 677 332 667 333 658 331
633 326 645 320 657 316 666 320 676 318 688 323 700 330 688 339 676 342 666 343 656 341 644 336 657 325 666 326 676 326 676 331 666 331 657 329
632 323 645 318 657 315 666 318 676 316 688 321 700 328 687 337 675 340 665 340 655 338 644 334 657 323 666 325 676 324 675 328 665 328 656 327
632 322 644 316 656 313 666 316 676 314 688 319 701 327 687 335 675 338 664 338 655 336 643 332 656 321 665 323 676 323 675 327 665 327 656 325
631 320 644 315 656 312 665 315 675 313 687 319 700 326 687 334 674 337 664 337 654 335 642 331 655 321 665 322 675 322 674 325 664 325 655 323
630 319 643 314 655 311 664 314 674 313 687 318 700 325 686 333 673 336 663 336 653 334 641 329 654 319 664 321 674 321 674 324 664 325 654 323
630 319 643 313 655 310 664 313 673 311 686 316 699 324 685 333 673 335 662 335 653 334 641 329 654 319 664 320 673 320 673 324 663 324 654 322
629 318 641 313 654 310 664 314 674 311 686 316 699 324 685 332 672 334 662 334 652 333 640 328 654 319 663 320 674 320 673 323 663 323 653 321
628 317 641 312 654 309 663 313 673 310 685 315 699 323 685 331 672 333 662 333 652 332 640 327 653 317 663 319 673 319 672 322 663 322 653 320
628 317 641 311 654 308 663 312 673 310 686 315 699 322 685 329 672 332 662 332 652 330 640 326 653 317 663 319 673 318 672 321 662 321 653 319
628 316 641 311 654 308 663 311 673 309 686 314 699 322 685 331 672 333 661 333 651 332 639 327 653 316 663 318 673 317 672 322 662 322 652 320
629 317 642 311 654 307 663 311 673 309 685 314 699 323 685 331 672 334 662 334 652 332 641 328 653 315 663 317 673 317 672 323 663 323 653 321
630 319 642 312 654 309 664 312 674 310 686 316 700 324 686 332 673 335 662 334 653 333 641 328 654 316 664 318 674 318 673 324 663 324 654 322
631 320 643 313 655 309 664 313 674 311 687 317 700 325 686 334 674 337 663 337 653 335 642 330 655 317 664 319 674 319 674 326 664 326 654 324
633 321 644 314 656 309 665 313 675 311 688 317 701 326 687 336 674 340 664 340 654 339 643 333 656 317 665 319 675 319 674 329 664 330 655 328
635 323 646 314 658 310 666 313 676 311 688 316 699 325 688 335 676 338 666 339 656 338 645 333 657 318 666 319 676 318 676 327 666 328 657 327
636 321 647 313 659 308 667 311 676 309 687 314 698 322 687 331 676 335 666 335 657 334 646 331 658 316 667 317 676 317 676 322 667 323 658 322
636 318 648 309 660 304 669 307 677 305 688 310 698 318 688 326 677 330 667 330 658 329 647 326 660 314 668 315 677 314 677 317 668 318 659 317
634 315 647 307 660 302 669 304 677 302 688 307 699 316 688 324 677 328 668 328 658 327 646 324 659 312 668 312 677 312 677 314 668 315 659 314
634 314 647 304 660 299 668 302 677 300 688 306 699 314 688 322 677 325 667 326 658 325 646 322 659 309 668 310 677 309 677 312 668 313 659 312
635 314 647 304 659 299 668 301 677 299 689 305 700 314 688 322 677 326 667 327 657 326 646 323 659 308 668 309 677 308 677 313 667 315 658 314
635 313 646 303 659 297 668 301 678 298 689 305 700 315 689 325 677 329 666 330 656 329 645 325 658 306 668 307 677 306 677 317 667 319 658 317
635 313 646 303 659 299 668 302 677 300 689 305 700 315 688 326 676 330 666 331 656 329 645 325 658 307 667 308 677 307 676 318 666 319 657 318
634 315 646 306 659 301 668 304 677 302 689 308 699 317 688 327 677 331 666 332 657 331 645 326 659 309 668 310 677 310 677 318 667 319 658 318
634 318 647 309 660 304 669 307 677 305 688 310 700 319 688 329 677 333 667 333 658 332 646 328 659 313 668 314 677 313 677 319 668 320 659 319
633 320 646 313 658 309 668 312 677 310 688 314 700 322 688 330 676 333 666 334 657 333 645 329 658 318 667 319 677 318 676 320 667 321 658 320
633 323 646 315 658 312 668 315 677 313 688 317 699 325 688 333 676 336 666 336 657 335 645 331 658 321 667 322 677 321 676 323 667 324 658 322
631 326 645 320 658 316 668 320 678 317 689 322 701 328 689 338 678 342 667 343 657 342 644 336 658 327 668 328 678 327 677 329 667 330 658 328
632 330 645 324 660 322 668 325 678 323 690 327 701 332 689 342 677 347 667 347 657 346 644 341 659 331 668 333 678 332 677 333 667 334 658 332
631 332 644 327 658 325 667 328 677 326 690 330 702 335 689 346 677 351 666 351 655 350 642 344 657 334 667 335 677 334 677 337 666 338 656 336
632 335 645 328 658 325 668 329 677 326 690 331 702 337 689 349 676 355 666 355 656 354 643 348 658 334 667 335 677 334 676 343 666 344 657 343
632 334 644 328 658 324 667 328 677 325 690 330 702 337 690 351 677 358 666 359 655 358 643 351 658 333 667 334 677 333 677 346 666 347 657 345
633 333 646 327 659 324 668 328 678 325 690 329 702 336 690 346 678 351 667 352 657 350 644 345 658 333 668 335 678 334 677 338 667 339 657 337
631 332 645 327 658 324 668 327 678 325 690 329 702 335 690 344 678 348 667 349 656 347 644 342 658 333 668 334 678 333 677 335 667 336 657 334
632 333 646 327 659 324 669 328 679 325 691 329 703 336 691 344 679 348 668 349 657 347 645 343 658 333 668 335 679 334 679 335 668 336 658 334
633 334 646 328 659 325 669 329 678 326 690 330 702 336 690 345 678 349 667 350 657 348 645 343 659 333 668 335 678 334 678 336 668 337 658 335
633 332 646 326 659 324 668 328 678 325 690 329 702 336 690 345 678 350 667 350 657 349 645 343 658 332 668 334 678 333 678 337 667 338 657 336
634 331 646 325 658 321 668 324 677 322 688 327 701 334 688 345 677 349 666 350 656 348 645 343 658 330 667 331 677 331 676 336 667 337 657 335
633 328 646 321 658 317 667 320 677 318 688 323 699 331 688 341 676 345 666 346 656 344 644 339 657 325 667 327 677 326 676 333 666 334 657 332
633 324 645 317 657 313 667 317 676 314 688 319 699 327 687 335 676 339 665 340 656 338 644 333 657 322 666 323 676 322 676 327 666 328 657 326
633 322 646 314 658 310 667 313 676 311 688 316 699 324 687 332 675 335 665 335 656 334 644 330 658 319 667 320 676 320 675 323 666 323 657 322
633 320 646 313 658 309 667 312 676 310 688 315 699 322 687 330 676 334 665 334 656 332 644 328 657 317 667 319 676 318 676 321 666 322 657 320
633 319 646 312 658 308 667 312 677 309 688 315 700 323 688 332 676 336 665 337 656 335 644 330 658 317 667 318 677 318 676 324 666 325 657 323
633 319 646 312 659 307 668 310 677 308 690 314 702 323 689 335 676 339 666 340 656 338 644 333 658 316 667 317 677 316 676 328 666 328 657 327
633 318 645 310 658 307 668 310 678 308 691 314 703 323 690 335 677 340 665 340 655 339 643 332 658 315 667 317 678 316 677 328 666 329 657 327
631 317 644 309 657 306 668 310 678 307 692 313 704 322 691 335 677 340 665 340 654 338 642 332 657 314 667 316 678 316 677 328 666 329 656 327
630 316 643 309 657 305 668 309 678 307 692 312 704 322 691 334 677 340 665 340 654 338 641 332 657 313 667 315 678 315 678 328 666 329 656 327
631 317 644 309 658 305 668 308 679 307 692 312 704 322 691 335 677 340 665 341 655 339 642 332 657 313 668 315 678 314 677 329 666 330 656 328
630 315 644 308 658 304 668 308 678 306 692 311 704 321 691 334 677 339 665 340 655 338 641 331 657 312 667 314 678 313 677 328 666 329 656 327
631 316 644 307 657 304 667 307 678 305 691 311 703 320 690 332 677 336 665 336 655 334 642 329 657 312 667 314 678 313 677 325 666 326 656 324
631 312 644 305 657 301 667 304 677 302 690 308 702 317 690 329 677 333 665 334 655 332 642 327 657 308 667 310 677 309 677 322 666 323 656 321
629 309 642 301 655 297 665 300 675 298 689 304 702 314 688 327 674 331 663 332 653 330 640 324 655 304 665 305 675 305 675 321 664 322 654 320
629 308 641 297 654 292 664 295 674 293 688 299 700 310 687 323 674 327 663 328 652 327 639 321 654 299 664 301 674 300 674 317 663 318 653 317
626 303 639 292 653 287 663 290 673 288 686 294 699 305 686 318 672 323 661 323 651 322 638 317 653 294 663 295 673 294 673 313 662 314 652 312
627 300 639 288 653 283 663 286 673 284 686 290 699 301 686 314 672 319 661 320 651 319 638 314 652 290 662 291 672 291 672 309 662 310 652 309
625 298 638 287 652 282 662 285 671 283 685 289 699 300 685 313 671 318 660 319 650 317 637 312 652 289 661 290 671 289 671 307 661 308 651 307
627 299 640 287 653 282 662 284 671 283 684 289 698 301 684 313 670 317 660 317 651 316 638 312 652 289 662 290 671 290 670 307 661 308 651 307
627 301 638 289 652 283 661 286 670 284 683 291 697 302 683 313 669 317 659 318 650 317 637 313 651 291 661 292 670 291 669 308 660 309 651 308
626 301 638 290 651 285 660 288 670 286 684 292 697 303 683 315 669 319 659 319 649 318 637 314 650 293 660 294 670 293 669 309 659 309 650 308
626 303 638 292 650 287 660 290 669 288 683 294 697 304 683 315 669 319 658 319 648 318 636 314 650 295 660 296 669 295 669 309 659 310 649 308
626 302 639 294 651 289 661 292 670 289 683 295 697 304 683 311 669 313 660 313 650 312 638 310 651 299 660 300 670 299 670 302 660 302 651 301
627 301 640 293 652 288 661 291 670 289 682 294 697 302 683 307 670 309 661 309 652 308 640 307 652 298 661 299 670 298 670 298 661 299 652 298
626 300 640 293 651 288 660 291 669 289 682 294 697 302 682 306 670 307 660 307 651 307 640 305 651 297 660 298 669 297 669 297 660 298 652 297
626 300 640 293 652 289 661 292 670 290 683 294 697 302 683 306 670 307 661 307 651 306 640 305 652 297 661 299 670 298 670 297 661 298 652 296
626 301 640 294 653 290 662 293 671 291 683 295 698 303 683 306 670 307 661 307 652 306 640 306 653 298 662 299 671 298 670 298 662 299 652 297
626 302 641 295 654 291 663 294 672 292 685 296 699 304 684 308 671 308 662 308 652 307 641 307 654 299 663 300 672 300 672 299 662 300 653 299
626 302 641 295 654 292 663 295 672 293 685 297 699 304 685 309 672 310 662 310 653 309 641 307 654 300 663 301 672 301 672 301 663 301 653 300
626 303 641 296 654 292 663 295 673 293 685 298 700 305 685 309 672 310 662 310 653 309 640 308 653 301 663 302 673 301 672 301 663 301 653 300
627 303 641 296 654 293 664 296 673 294 685 298 699 305 685 309 672 310 662 310 653 309 641 308 654 301 663 302 673 302 672 301 663 301 653 300
626 303 641 297 654 294 663 297 673 295 685 299 700 305 685 309 672 310 662 310 653 309 640 307 654 302 663 303 673 302 672 301 663 302 653 300
627 304 641 297 654 294 664 297 673 295 686 299 700 306 685 310 672 311 663 311 653 310 641 308 654 302 664 303 673 302 673 302 663 303 654 301
626 303 641 297 654 294 664 297 673 295 686 299 700 305 685 310 673 311 663 311 653 310 641 308 654 302 663 303 673 302 673 302 663 302 654 301
626 304 641 298 654 295 663 298 673 296 685 300 700 306 685 310 672 311 662 311 652 310 641 308 653 303 663 304 673 303 672 302 663 303 653 301
626 304 640 298 653 295 663 298 673 296 685 300 699 306 685 311 672 312 662 312 652 311 640 309 653 303 663 304 673 304 672 303 662 303 653 302
626 305 641 299 653 296 663 298 672 296 684 300 699 307 685 311 672 312 662 312 652 311 641 309 653 303 663 305 672 304 672 303 662 304 653 302
625 305 640 299 653 296 662 299 671 297 684 301 698 307 684 312 671 313 661 313 652 312 640 310 652 304 662 305 671 305 671 304 662 304 652 302
625 306 640 300 652 297 662 300 672 297 684 302 699 308 684 313 671 314 661 314 652 313 639 311 652 305 662 306 672 306 671 305 662 305 652 304
624 309 638 302 651 298 660 301 670 299 682 303 697 310 683 316 670 318 660 318 650 317 638 314 650 308 660 309 670 308 670 307 660 307 650 306
626 312 639 303 650 299 659 302 669 299 682 304 696 312 682 319 669 322 659 322 650 322 638 319 650 309 659 310 669 309 669 310 659 311 650 310
624 313 636 302 648 297 657 300 668 298 681 304 694 315 681 328 667 333 656 334 646 333 635 328 648 305 657 306 668 306 667 322 657 323 647 322
624 314 636 302 649 297 658 300 668 298 681 304 694 315 681 328 668 333 657 334 647 333 635 328 649 306 658 307 668 306 667 322 657 323 648 322
624 314 635 303 648 298 657 301 667 298 680 304 693 315 680 329 666 334 656 335 646 333 634 329 648 307 657 308 667 307 666 322 656 323 647 322
624 314 635 303 647 298 657 301 667 299 679 305 692 316 680 328 667 332 656 332 646 331 634 327 647 307 657 308 667 308 666 319 656 320 647 318
624 315 635 304 647 299 656 302 667 300 680 306 693 316 680 329 667 334 656 334 646 333 634 329 647 308 656 309 667 308 667 322 656 323 646 322
623 315 634 304 646 299 656 302 666 300 680 305 693 317 680 330 666 334 655 334 645 333 633 329 646 308 656 309 667 308 666 322 655 324 646 322
624 316 635 305 646 300 656 303 665 301 679 306 692 317 679 329 666 333 656 334 646 333 634 329 647 310 656 310 666 309 666 322 656 323 646 321
624 315 635 305 647 300 656 303 666 301 679 307 692 317 679 328 666 332 656 332 646 331 635 327 647 310 656 311 666 310 666 319 656 320 647 319
624 315 635 306 646 301 656 304 666 302 678 308 692 317 678 326 666 329 655 329 646 328 635 326 646 311 656 312 666 311 666 316 655 317 646 315
624 316 637 308 648 303 657 305 667 303 679 308 693 318 679 324 667 327 657 327 647 326 636 324 648 313 657 313 667 313 667 315 657 316 648 315
625 316 638 308 650 304 659 307 669 305 681 310 694 318 681 324 669 325 658 326 648 325 637 323 650 314 659 315 670 314 669 315 658 315 649 314
630 320 645 313 656 309 665 312 674 309 685 313 699 321 685 329 674 331 665 332 656 331 644 329 656 318 665 319 674 318 673 320 665 321 656 320
638 325 650 316 663 312 673 315 682 312 694 316 705 325 695 339 683 345 673 347 663 346 650 341 663 318 673 319 683 318 683 334 673 336 663 335
641 332 653 321 666 317 677 320 687 317 698 321 709 329 700 344 688 351 677 353 666 352 653 347 667 323 677 324 687 323 687 339 676 341 666 341
640 336 651 325 664 321 674 323 684 321 696 324 708 333 698 348 686 356 675 358 664 357 651 352 664 327 675 327 685 326 685 344 674 346 664 345
635 335 647 326 661 322 670 325 680 322 693 326 704 335 694 350 681 357 670 359 659 358 646 352 661 328 670 329 680 329 680 345 670 347 660 346
633 333 644 324 657 320 668 322 677 320 690 324 702 333 691 349 678 356 667 357 656 356 643 350 657 326 668 327 678 326 677 344 667 346 656 345
632 330 644 320 658 315 667 318 677 316 690 320 702 330 690 347 677 354 666 356 655 355 642 348 658 323 667 324 677 323 677 342 666 343 656 342
633 326 645 317 658 313 668 316 678 314 690 318 702 327 691 341 678 348 667 349 656 348 644 343 658 320 668 321 678 320 678 336 667 338 657 336
633 325 646 317 658 312 668 315 678 313 690 317 703 325 691 337 679 343 668 344 658 343 645 339 658 319 668 320 678 320 678 331 668 332 658 331
632 325 645 318 658 314 668 317 677 314 689 318 702 325 690 336 678 341 667 342 657 341 644 337 657 321 668 323 678 322 677 328 667 329 657 328
631 329 644 322 656 319 666 322 675 319 687 323 699 328 688 338 676 343 666 344 655 343 643 339 656 327 666 328 676 327 676 330 665 331 655 330
629 334 642 328 654 324 664 327 674 325 685 328 696 334 685 344 674 349 663 350 653 349 640 345 654 332 664 333 674 332 673 336 663 337 653 336
628 338 642 331 654 328 663 331 674 329 686 332 698 338 686 347 674 353 662 354 653 353 640 349 654 336 663 337 674 336 673 339 662 341 653 340
628 338 642 331 654 328 664 331 674 329 686 332 698 337 687 348 675 353 663 354 653 354 640 350 655 336 664 337 675 336 674 340 663 342 654 341
629 340 642 332 654 328 664 330 674 328 686 331 697 338 686 349 674 355 663 357 653 357 641 352 655 336 664 336 674 335 674 341 663 343 654 342
629 340 640 333 653 329 662 332 672 330 685 334 696 342 685 356 672 364 660 365 650 364 638 357 653 337 662 337 672 336 672 350 661 352 651 350
627 345 637 338 649 334 658 338 668 335 680 340 692 346 681 361 668 368 657 369 647 367 636 361 649 343 658 344 668 344 668 355 657 356 648 354
623 348 635 343 646 341 655 345 666 342 678 346 692 351 678 360 666 364 654 365 645 363 634 358 646 351 655 353 666 351 665 352 655 353 645 351
622 352 634 347 645 346 655 350 665 347 678 350 691 355 678 363 665 367 654 367 644 366 633 361 645 355 655 357 666 355 665 355 654 356 645 354
621 353 633 349 645 347 654 350 665 348 678 350 692 355 679 365 666 371 654 372 644 370 632 365 645 356 654 357 666 356 665 359 654 360 644 358
621 348 632 342 645 340 654 343 665 341 679 344 692 349 679 364 666 371 653 373 643 371 631 364 645 348 654 350 665 348 665 359 654 361 644 359
624 342 634 335 646 332 655 335 666 333 679 337 692 343 680 357 666 364 654 364 644 363 633 357 646 339 655 341 666 340 666 351 655 353 645 351
624 335 635 328 647 325 656 328 666 325 680 329 693 337 681 348 667 353 656 354 646 353 634 348 647 333 656 334 667 333 667 340 656 342 647 340
624 330 636 323 649 318 658 321 668 319 680 323 692 330 680 341 668 346 657 347 647 346 635 341 649 327 658 328 668 327 668 333 657 334 648 332
624 324 637 316 649 313 658 316 669 314 681 318 693 325 680 335 668 339 657 340 647 339 635 334 649 322 658 323 669 322 668 326 657 327 647 326
627 321 640 313 652 310 661 313 671 311 683 316 695 323 683 331 671 335 660 335 650 334 638 330 652 319 661 320 672 319 671 323 660 324 650 322
627 319 639 312 652 309 662 312 672 310 684 314 696 322 683 330 671 334 660 334 650 333 638 328 652 317 662 319 672 318 671 322 661 322 651 321
628 319 641 312 653 308 663 312 673 309 685 314 697 322 684 330 671 334 661 334 651 332 639 328 653 317 663 318 673 318 672 322 662 322 652 320
628 319 641 313 654 309 663 312 673 310 684 315 696 322 683 330 671 333 661 333 651 332 640 328 653 318 663 319 673 318 672 321 662 322 652 320
628 317 642 311 654 308 664 312 674 310 685 314 698 321 685 329 673 332 662 332 652 330 641 326 654 317 664 318 674 318 673 320 663 320 653 318
628 315 642 310 655 307 664 310 674 308 686 313 699 320 685 327 673 329 663 329 653 327 641 324 654 316 664 317 674 317 673 317 663 318 654 316
629 314 643 308 656 305 665 309 675 307 686 311 699 318 686 326 674 328 664 328 654 326 642 323 655 315 665 316 674 315 674 316 664 316 655 315
629 314 643 308 656 305 665 308 674 306 686 311 700 317 686 325 674 327 664 327 654 326 642 322 655 314 665 316 674 315 674 316 664 316 655 314
628 314 642 308 655 305 665 308 674 306 686 310 699 317 686 325 674 328 664 328 654 326 642 322 655 314 665 316 674 315 674 316 664 316 655 314
627 315 642 309 654 306 664 309 673 307 685 311 698 318 685 326 673 328 663 328 653 327 641 324 654 315 664 316 673 316 673 316 663 317 654 315
626 316 641 310 653 307 663 311 672 308 685 312 698 319 684 327 672 329 662 329 652 328 640 324 653 316 663 318 672 317 672 318 662 318 653 316
625 316 639 311 652 308 662 311 672 309 684 313 698 320 684 327 671 330 661 330 650 328 638 325 651 317 662 318 672 317 671 318 661 319 651 317
625 317 639 311 652 308 662 312 672 309 684 314 697 321 683 329 671 331 661 331 651 329 638 326 652 317 662 319 672 318 671 319 661 319 651 318
625 317 639 311 652 309 662 312 672 310 684 314 698 321 684 329 671 330 661 330 651 329 638 326 652 318 662 319 672 319 671 319 661 319 652 318
625 318 639 312 652 309 662 312 672 310 684 314 698 321 684 329 671 331 661 331 651 330 638 326 652 318 662 319 672 318 671 320 661 320 652 319
625 318 639 312 652 309 662 312 672 310 684 314 698 321 684 329 671 331 661 331 650 329 638 326 651 318 662 319 672 318 671 319 661 320 651 318
625 318 639 312 652 309 662 312 672 310 684 314 697 321 684 329 671 331 661 331 650 329 638 327 652 318 662 319 672 319 671 319 661 320 651 318
626 318 639 312 652 309 662 312 672 310 684 314 697 321 684 329 671 331 661 332 650 330 638 326 652 318 662 319 672 319 671 320 661 320 651 318
626 318 639 312 652 309 662 313 672 310 684 315 698 322 684 329 672 331 661 332 651 330 639 327 652 318 662 320 672 319 671 320 662 320 652 319
626 319 639 313 652 310 662 313 672 311 684 316 698 323 684 330 671 332 661 332 651 331 638 327 652 319 662 320 672 320 671 321 661 321 651 319
626 320 640 314 653 311 662 315 673 312 685 317 698 324 685 331 672 333 661 333 651 331 639 328 652 320 662 321 673 321 672 321 662 322 652 320
627 322 640 315 653 312 662 316 672 313 684 318 697 325 684 333 672 335 661 336 651 334 639 330 653 322 662 323 672 323 672 323 662 324 652 322
627 323 640 317 653 313 663 317 673 315 685 319 698 327 685 335 672 338 662 338 651 337 639 333 653 323 663 324 673 324 672 326 662 326 652 324
628 325 640 318 653 314 663 318 672 315 685 320 697 328 684 337 672 342 661 342 651 341 639 336 653 323 662 324 672 324 672 329 662 330 652 328
629 327 641 318 654 314 663 318 673 316 685 321 697 331 685 343 672 347 662 347 652 345 639 340 653 324 663 325 672 324 672 335 662 335 653 334
629 329 640 319 653 315 663 318 673 316 685 321 697 332 685 344 673 349 662 349 651 348 639 342 653 324 663 325 673 325 673 336 662 337 652 336
629 329 640 320 652 316 662 319 672 317 685 322 696 333 685 346 672 351 661 352 651 350 638 344 652 325 662 326 672 326 672 339 661 339 651 338
630 331 640 321 653 317 662 321 672 318 685 324 696 334 685 347 672 353 661 354 651 352 639 345 653 326 662 327 672 327 672 341 662 342 652 340
628 332 639 322 652 317 662 321 672 318 685 324 696 335 685 349 672 354 661 355 650 353 638 347 652 328 662 329 672 328 672 341 661 342 651 340
628 332 639 322 652 318 662 321 672 319 685 325 696 335 685 349 672 354 661 355 651 353 638 347 652 328 662 329 672 329 672 341 661 342 651 341
628 331 639 322 652 318 661 322 672 319 685 325 696 335 685 348 672 353 660 354 650 352 638 346 652 328 661 329 672 328 672 341 660 341 651 340
628 331 638 322 651 318 661 322 671 320 683 325 695 335 683 348 671 353 659 353 649 351 637 345 650 327 660 329 671 328 670 340 660 341 650 339
627 330 638 322 651 318 661 321 672 319 685 324 697 334 685 346 672 351 660 352 649 350 637 345 651 327 661 328 672 328 672 339 660 340 650 338
627 330 638 322 651 318 660 322 671 319 683 324 695 333 684 346 671 351 659 352 649 350 637 344 651 326 660 328 671 327 671 339 659 339 650 338
627 330 638 321 651 317 660 321 671 318 683 323 695 332 684 344 671 348 660 349 650 348 638 343 651 326 660 327 671 326 671 336 660 336 650 335
626 330 639 322 652 318 660 321 670 319 682 323 695 331 683 342 671 347 660 347 650 346 638 342 651 325 660 326 671 325 670 334 660 335 651 334
625 330 638 322 651 318 660 322 671 319 683 323 695 331 683 341 672 347 660 348 650 347 637 342 651 326 660 327 671 326 671 334 660 335 650 334
627 334 639 325 651 321 660 324 671 322 683 326 694 333 683 345 671 350 660 351 650 350 638 346 651 328 660 329 671 328 671 338 660 339 651 338
629 341 640 331 652 325 661 328 671 325 683 331 695 339 684 351 672 357 661 358 651 357 639 353 652 335 661 335 672 334 672 342 661 344 651 342
628 340 639 334 651 330 660 333 671 330 683 335 694 342 683 350 672 354 660 355 651 354 639 350 652 339 660 340 671 339 671 341 660 342 651 341
627 341 639 335 651 331 660 334 670 332 683 336 695 342 683 351 671 354 660 354 650 353 639 350 651 340 660 341 671 340 670 342 660 342 651 341
626 339 639 333 651 329 660 332 670 330 682 334 694 340 682 349 671 353 660 354 650 352 638 349 651 338 660 339 671 338 670 339 660 340 651 339
625 338 637 330 650 325 659 328 670 325 681 330 692 337 682 346 671 351 660 352 649 351 637 347 650 334 659 335 670 333 670 337 659 338 650 337
626 334 638 325 650 320 659 323 669 321 681 325 691 333 682 342 670 346 659 347 649 346 637 343 650 330 659 330 670 329 670 333 659 334 650 333
626 330 638 322 650 316 659 319 669 317 680 322 691 329 680 338 670 342 659 343 650 342 637 339 650 326 659 327 669 325 669 329 659 330 650 329
624 328 636 319 649 314 659 316 669 314 680 319 691 327 681 335 670 339 658 340 648 339 636 335 649 323 659 324 670 323 669 325 658 326 649 325
625 326 637 317 650 312 659 315 669 312 680 317 691 325 681 334 670 337 659 338 649 337 637 333 650 322 659 322 670 321 669 324 659 325 649 323
624 325 637 315 649 311 659 313 670 311 681 316 692 324 681 332 670 335 658 336 648 335 636 332 649 320 659 321 670 320 669 322 658 323 649 322
624 326 636 316 649 311 659 313 669 311 680 316 691 324 681 332 669 336 658 337 648 336 636 333 649 320 658 321 669 320 669 323 658 324 649 322
625 326 637 316 649 311 658 314 668 311 680 317 691 325 680 332 669 336 658 336 648 336 636 333 649 321 658 321 669 320 668 323 658 324 648 323
624 326 636 317 648 312 657 315 667 312 679 317 690 325 679 333 668 336 657 337 648 336 636 333 648 321 657 322 668 321 668 323 657 324 648 323
624 326 636 317 649 312 658 315 668 312 680 317 690 325 680 333 668 337 657 338 648 337 636 334 649 321 658 322 668 321 668 324 658 325 648 323
623 327 636 318 648 313 658 316 668 313 679 318 689 326 679 334 667 338 657 339 647 338 635 335 648 322 658 323 668 322 667 325 657 326 648 324
622 329 635 320 648 315 657 317 667 315 679 320 690 328 679 338 668 341 657 342 647 341 634 338 648 324 657 324 667 324 667 327 657 328 648 327
623 333 635 323 647 318 657 321 667 319 679 324 689 332 679 341 668 345 656 346 646 345 634 342 647 328 657 328 667 327 667 332 656 333 647 332
623 336 634 329 647 324 656 327 666 324 677 329 689 337 678 347 666 353 655 354 646 353 633 349 647 333 656 334 666 333 666 339 655 340 646 338
622 344 634 337 646 333 655 336 665 334 677 338 688 345 677 357 665 363 654 364 644 362 632 357 646 342 655 343 666 342 665 348 654 349 645 348
621 348 633 341 646 337 656 340 666 338 677 342 687 348 677 362 665 368 654 369 644 368 632 362 646 346 656 347 666 346 665 353 654 354 645 353
621 349 633 342 646 338 656 341 666 338 677 342 688 349 678 361 666 367 655 368 645 367 632 362 646 346 656 347 666 346 666 353 655 355 645 353
620 345 632 339 645 335 655 339 665 336 677 340 689 346 677 359 665 365 653 366 642 365 630 359 644 344 654 345 665 344 665 350 653 352 643 350
620 344 632 337 645 332 655 336 666 333 677 338 688 344 678 357 666 363 654 363 643 362 631 357 645 341 655 343 666 342 665 347 654 349 644 347
620 341 632 335 645 331 655 334 665 331 677 336 689 342 677 354 665 359 654 360 643 359 631 354 645 340 654 341 665 340 665 345 654 346 644 345
620 339 632 332 645 328 655 331 665 329 677 333 688 339 677 350 665 355 653 356 643 355 631 350 645 337 655 338 665 337 664 341 653 342 644 341
620 337 633 330 646 326 655 329 665 326 677 331 688 337 677 347 665 351 654 352 644 351 632 348 646 335 655 335 665 334 665 338 655 339 645 338
620 334 632 327 645 324 654 327 664 325 676 329 688 335 677 345 665 349 653 350 643 349 631 345 645 333 654 334 665 333 664 336 654 337 644 335
622 332 633 326 645 322 654 326 664 323 676 327 688 334 676 343 664 347 654 348 644 347 633 342 645 331 654 332 664 331 664 335 654 336 645 334
623 331 634 323 645 319 654 322 663 320 675 325 688 333 676 345 663 350 653 351 643 349 633 343 645 327 653 328 663 328 663 338 653 339 644 337
622 329 632 320 644 316 653 319 663 317 676 322 687 331 676 344 664 350 653 350 643 349 631 343 644 325 653 326 663 325 663 338 653 339 643 337
621 330 632 320 645 315 654 319 664 316 677 322 688 331 677 345 664 350 653 351 643 350 631 343 644 325 654 325 664 325 664 337 653 339 644 337
623 331 633 322 644 317 653 320 663 318 674 323 686 332 675 345 663 350 653 350 643 349 632 343 644 326 653 326 663 326 663 337 653 338 644 337
623 334 634 326 645 320 654 323 663 321 674 327 685 336 675 347 664 352 653 353 644 352 633 347 645 329 654 330 663 329 663 339 653 340 645 338
624 339 635 330 646 326 654 329 663 327 674 332 685 340 675 352 664 356 654 357 645 356 634 350 646 334 654 335 663 334 663 343 654 344 646 342
622 344 633 336 645 331 654 334 663 332 674 337 685 345 674 355 664 359 654 360 644 359 633 354 645 340 654 341 664 340 663 345 654 346 645 345
622 347 633 340 645 336 654 339 664 337 675 342 685 348 674 358 663 363 652 363 643 362 632 357 645 346 654 347 664 346 663 349 653 350 644 348
621 348 633 343 645 339 654 343 664 340 676 344 689 349 677 360 664 365 653 366 643 365 632 359 645 349 654 350 665 349 664 351 653 352 644 351
620 347 633 343 645 340 654 344 664 342 677 345 692 350 678 363 664 368 653 369 643 367 631 361 645 349 654 350 664 349 664 355 653 356 644 354
619 347 631 342 643 340 653 343 663 341 676 345 690 350 677 366 663 373 652 373 641 372 629 364 643 348 653 349 663 348 663 360 652 361 642 359
617 346 630 341 643 339 653 343 664 340 678 344 692 350 679 366 664 372 653 373 642 371 629 363 643 348 653 349 664 348 664 359 653 360 642 357
618 344 630 339 643 337 653 340 664 338 678 342 692 347 679 364 664 370 653 371 642 369 629 362 643 345 653 347 664 346 664 358 652 359 642 357
617 340 630 336 643 333 653 337 663 334 677 338 693 344 679 360 664 366 653 366 642 365 630 358 643 342 653 343 663 342 663 353 652 354 643 353
619 338 630 331 642 329 652 332 662 330 676 334 691 340 677 354 663 360 652 361 641 359 629 353 642 337 652 338 663 337 663 348 652 350 642 348
618 332 629 326 642 324 651 327 662 325 675 329 690 336 676 350 662 355 651 355 641 354 629 347 642 332 651 333 662 332 662 343 651 344 641 342
617 328 629 322 642 319 651 322 661 320 675 324 690 331 675 344 662 349 650 350 640 348 628 343 642 327 651 328 661 328 661 338 650 338 641 337
617 322 630 317 642 314 650 318 660 315 673 319 689 325 674 337 661 341 651 341 641 340 629 335 642 324 651 325 661 324 661 329 651 330 642 328
617 318 630 313 641 311 650 314 659 312 672 315 688 321 673 329 660 332 650 332 641 331 630 327 641 320 650 321 660 320 660 321 650 322 641 320
618 315 631 309 643 306 652 310 661 308 674 311 688 317 674 323 661 325 651 325 642 324 630 322 643 315 652 316 661 316 661 315 651 316 642 314
617 312 631 306 643 304 652 307 661 305 673 309 688 315 673 322 661 323 651 323 642 322 631 320 642 312 651 314 661 313 661 313 651 313 642 312
618 310 632 304 643 302 652 305 661 303 673 307 688 313 673 319 661 320 651 320 642 319 631 316 643 310 652 312 661 311 661 311 651 311 643 310
618 309 632 303 644 301 652 304 662 302 674 305 688 312 674 318 661 319 652 319 643 318 631 316 643 309 652 310 662 309 661 309 652 310 643 308
619 309 632 303 644 300 652 304 662 301 674 305 688 312 674 318 661 320 652 320 642 319 631 316 643 310 652 311 662 311 661 309 652 310 643 308
617 310 632 303 644 300 653 303 663 301 674 305 688 312 674 319 662 322 652 322 643 321 631 318 644 309 653 311 663 310 662 310 652 311 643 309
618 310 632 304 644 299 653 302 663 300 675 306 690 313 675 322 662 325 652 325 642 324 631 321 644 309 653 310 663 309 662 312 652 313 643 312
619 311 631 303 644 299 653 302 663 300 676 305 690 315 676 327 662 331 652 332 642 330 630 325 644 308 653 309 663 308 662 320 652 321 643 319
617 311 630 303 643 299 652 302 663 300 676 305 690 314 676 328 662 333 651 334 641 332 628 327 643 308 652 309 662 308 662 322 652 323 642 322
618 312 631 303 644 299 653 302 663 300 676 306 690 315 676 327 662 329 652 329 642 328 630 324 644 310 653 311 663 311 662 315 652 315 643 314
617 313 630 304 643 299 653 302 663 300 677 306 691 315 677 329 662 334 651 335 641 334 628 328 643 310 653 310 663 310 662 322 652 323 642 322
619 313 631 304 644 299 653 302 664 300 677 306 691 316 676 328 663 331 652 331 642 330 630 326 644 311 653 312 663 312 663 316 653 316 643 315
617 313 631 304 644 300 653 303 663 301 677 307 691 316 677 329 663 333 652 333 642 332 629 328 644 311 653 312 663 311 662 319 652 320 643 318
618 313 631 305 644 300 653 304 664 301 678 307 692 316 678 330 664 333 653 334 643 333 630 328 644 311 653 312 664 312 664 318 653 319 644 318
619 315 631 306 644 301 654 305 664 302 678 308 691 318 678 331 664 335 653 335 642 334 630 329 644 312 654 313 664 313 664 319 653 320 643 318
618 315 630 306 643 302 653 305 663 303 677 309 691 318 677 333 663 337 652 338 642 337 629 331 644 311 653 312 663 312 663 326 653 326 643 325
619 315 631 306 644 302 654 305 664 303 677 308 691 317 677 330 664 334 653 334 642 333 630 328 644 310 654 312 665 311 664 322 653 323 643 321
619 314 633 307 645 303 654 306 664 304 676 309 690 316 676 324 664 327 653 327 643 326 632 323 645 312 654 313 664 312 663 315 653 316 644 315
620 313 635 306 647 302 656 306 665 304 677 308 691 315 677 322 665 324 655 324 645 323 634 320 646 311 656 312 666 311 665 313 655 314 646 312
622 312 636 306 648 302 656 305 666 303 678 307 691 315 677 322 666 324 656 324 647 323 636 320 647 311 656 312 666 311 666 312 656 313 647 312
622 313 635 306 647 302 657 305 667 303 679 308 692 315 679 323 667 326 656 326 646 325 635 321 647 311 657 312 667 311 666 313 656 315 647 313
622 314 636 306 648 302 657 305 667 303 679 308 692 316 679 325 667 329 656 329 647 328 635 324 648 309 657 310 667 310 667 317 657 318 647 317
623 314 637 306 648 301 657 305 667 302 679 308 692 316 679 326 667 329 657 330 647 328 636 324 648 310 657 311 667 310 667 317 657 318 648 317
623 313 637 306 648 302 657 305 668 303 679 308 692 315 679 323 667 325 656 326 647 324 636 321 648 310 657 312 668 311 667 313 657 314 647 312
623 312 636 305 648 300 657 304 667 302 678 307 691 314 678 321 666 323 656 323 646 322 635 319 648 309 657 310 667 310 666 312 656 313 647 311
625 314 637 305 649 300 658 304 668 301 680 307 692 316 679 325 667 328 657 328 647 327 636 324 649 309 658 310 668 309 667 316 657 317 648 315
623 314 636 305 648 301 657 304 668 302 680 308 692 317 680 328 667 333 656 333 647 332 635 327 648 308 657 310 667 309 667 320 657 321 647 320
623 315 636 305 648 301 657 304 668 302 680 308 692 317 680 330 667 335 656 335 646 334 634 328 648 309 657 310 668 309 667 323 656 324 647 322
623 316 634 305 647 301 657 304 668 302 681 308 694 318 681 332 668 337 656 338 646 336 633 331 647 309 657 310 668 309 667 326 656 327 646 325
622 317 633 306 647 301 657 305 668 302 682 308 695 319 682 335 667 341 656 342 645 340 632 334 647 310 657 312 668 311 667 329 656 330 646 329
622 317 633 306 648 302 658 306 669 303 684 309 696 320 684 336 669 343 656 344 645 342 632 335 647 310 658 312 669 311 669 331 657 333 646 331
622 317 634 307 648 303 658 306 669 304 683 309 696 320 683 335 668 341 656 342 646 340 632 333 648 313 658 314 669 314 668 328 657 329 647 326
621 317 634 308 648 304 658 307 669 305 683 311 696 320 683 335 668 339 656 340 646 339 632 333 647 315 657 316 669 315 668 326 657 327 647 325
620 316 633 307 648 304 658 307 669 305 683 311 696 321 682 338 668 344 656 344 645 342 631 335 647 311 657 313 669 313 668 332 656 333 646 331
622 318 635 309 649 305 659 308 669 306 683 312 696 321 683 336 668 342 657 342 646 341 633 335 649 313 658 315 669 315 668 329 657 330 647 327
621 321 633 311 647 306 657 309 668 307 682 312 695 323 682 339 668 345 656 346 645 344 632 337 647 313 657 314 668 313 668 334 656 335 646 334
622 323 634 314 648 309 658 313 669 310 683 315 695 324 683 341 669 347 657 348 646 347 632 340 648 315 658 317 669 316 668 336 657 337 646 336
623 327 634 317 648 313 658 316 669 314 683 318 695 328 683 343 669 350 657 351 647 350 633 343 648 319 658 320 669 319 669 340 657 341 647 340
622 330 634 321 648 317 658 320 669 318 683 322 695 332 683 349 669 356 657 357 646 356 632 349 648 323 658 324 669 323 669 345 657 346 647 344
624 334 635 326 649 322 658 325 669 323 683 328 696 336 684 354 670 362 658 363 647 362 634 355 649 327 658 328 669 327 669 351 658 353 648 351
625 334 638 328 651 324 660 328 669 326 682 331 697 337 683 348 669 353 659 353 649 352 637 347 651 334 659 335 669 335 669 340 659 341 650 339
624 330 638 325 650 322 659 325 669 322 682 326 697 332 683 340 670 343 659 343 650 343 637 339 650 331 659 332 670 331 670 332 659 333 650 331
624 327 637 321 649 318 659 321 669 319 682 323 696 329 682 337 669 339 659 339 649 338 637 335 649 327 659 329 669 328 669 328 659 328 649 327
623 325 636 319 649 316 658 320 668 317 681 321 696 328 681 336 668 339 657 340 648 339 635 334 649 326 658 327 668 326 668 327 657 328 648 326
622 323 635 317 648 314 657 317 667 315 680 320 694 326 680 338 667 344 656 344 646 343 633 337 648 324 657 325 668 324 667 332 656 333 647 331
621 322 633 315 647 312 657 316 667 314 680 318 693 326 680 339 666 344 655 345 645 343 632 337 647 321 657 322 667 322 666 333 655 334 646 332
620 322 633 315 647 312 656 316 667 313 680 318 693 325 680 338 666 343 655 343 645 342 632 336 647 321 656 322 667 322 666 331 655 332 646 330
621 321 634 314 646 311 656 315 666 312 678 317 692 325 678 335 665 338 654 338 645 337 633 333 646 320 656 322 666 321 665 327 655 328 646 326
620 320 633 313 646 309 655 313 666 311 679 316 692 324 678 333 666 336 654 336 644 335 632 331 646 318 655 320 666 319 665 325 655 326 645 324
620 318 633 311 646 308 655 311 665 309 678 314 692 322 678 331 665 334 654 334 644 333 632 328 646 316 655 318 666 317 665 322 654 323 645 321
620 316 633 309 645 306 655 309 665 307 678 312 693 320 678 329 665 332 654 332 644 331 632 327 645 314 655 316 665 315 665 321 654 321 645 320
620 316 632 308 644 303 654 307 664 305 677 310 691 318 677 328 664 330 653 330 643 329 632 325 644 312 654 313 664 313 664 319 653 320 644 318
620 315 632 307 644 302 654 306 664 304 676 309 691 318 676 327 664 329 653 329 643 328 631 324 644 311 654 312 664 312 664 318 653 319 644 317
619 315 632 307 644 303 654 306 664 304 676 309 690 318 676 328 664 331 653 331 643 330 631 326 644 311 654 312 664 312 664 319 653 320 644 319
619 315 632 307 645 303 654 306 664 304 676 309 689 318 676 328 663 330 652 330 643 329 631 325 644 311 654 312 664 312 663 319 653 320 644 318
620 316 632 308 644 303 653 307 663 305 675 310 689 318 675 328 662 331 652 331 642 330 631 326 644 312 653 313 663 313 663 319 652 320 643 318
619 318 631 309 644 305 654 308 664 306 676 311 689 319 676 330 663 334 652 335 642 334 630 330 644 313 653 314 664 313 663 321 653 323 643 321
620 324 632 313 645 308 654 311 664 308 675 314 687 323 675 334 664 339 653 340 643 339 631 335 645 318 654 318 664 317 664 325 653 327 644 326
622 328 634 318 646 312 654 315 664 313 675 319 685 328 675 338 664 343 653 344 644 343 632 339 645 322 654 323 664 322 664 328 654 330 645 328
623 331 633 321 646 316 655 318 664 316 676 322 686 330 676 340 665 345 654 347 645 346 633 342 646 326 655 326 664 325 664 331 654 333 645 332
622 331 633 321 646 315 655 318 664 316 675 321 685 330 675 340 664 345 653 346 644 345 632 341 646 325 655 326 664 325 664 330 654 332 645 331
621 327 633 317 646 312 655 315 664 313 676 318 687 327 676 337 664 342 654 343 644 342 632 337 646 322 655 323 664 322 664 327 654 328 645 327
623 326 634 315 647 309 655 312 665 309 676 316 687 325 677 334 665 339 655 340 645 339 633 335 646 320 655 320 665 319 665 324 655 325 646 324
623 323 634 313 647 307 656 310 665 307 676 313 687 322 676 332 665 336 655 337 645 336 633 333 647 317 656 318 665 317 665 322 655 323 646 322
623 320 634 310 646 305 655 308 664 306 675 312 686 321 674 328 663 331 653 332 644 331 633 327 646 316 655 317 664 316 663 318 654 319 645 318
623 319 635 310 646 306 654 309 664 307 674 312 685 321 674 328 663 330 653 330 644 329 633 327 646 316 654 316 664 316 663 319 653 319 645 318
624 320 635 311 646 307 655 310 664 307 675 313 686 321 675 331 663 335 653 335 644 334 633 330 646 316 654 316 664 316 663 322 654 322 645 321
623 322 634 312 646 307 655 310 664 308 675 313 686 322 675 332 664 336 654 337 644 336 633 333 646 316 655 317 664 316 664 323 654 324 645 323
620 320 632 311 645 306 654 309 664 307 675 313 685 321 675 331 663 334 652 335 643 334 631 331 645 316 654 316 664 315 663 322 653 323 644 321
621 318 633 309 646 304 655 307 665 305 676 310 687 319 675 329 664 332 653 333 644 332 631 328 646 313 655 313 665 313 664 320 654 321 645 319
618 315 632 306 645 301 654 305 664 302 676 308 687 317 675 326 663 329 652 330 642 329 630 325 644 311 654 311 664 311 663 316 653 317 643 316
619 311 633 303 646 298 655 301 666 300 678 305 690 314 677 323 664 326 653 327 643 326 630 322 645 307 655 308 665 308 664 313 654 314 644 313
620 311 634 301 646 296 656 299 667 297 678 303 689 313 677 322 665 325 654 326 644 324 632 321 646 306 656 307 666 306 666 312 655 313 645 311
620 309 634 300 647 296 657 299 667 297 679 303 691 312 679 321 666 325 655 325 644 324 632 320 647 305 656 306 667 306 666 311 656 312 646 310
621 310 635 302 648 298 657 301 667 299 679 305 692 314 679 324 666 328 655 328 645 326 632 322 647 306 657 307 667 307 666 314 656 315 646 313
621 318 635 308 648 303 657 306 667 304 678 310 689 319 678 329 666 333 655 334 645 333 633 329 648 313 657 313 667 313 666 319 656 321 647 320
623 322 636 311 649 306 658 309 668 307 679 314 690 323 679 333 667 337 656 338 646 337 634 333 649 316 658 317 668 316 667 324 657 325 648 323
623 319 635 310 648 305 657 309 667 306 678 313 689 322 678 330 666 333 656 334 646 332 634 328 648 315 657 316 667 316 667 320 656 320 647 319
623 314 636 307 648 302 657 306 667 303 679 309 691 318 678 325 666 327 656 327 646 325 635 322 648 312 657 313 667 312 666 314 656 314 647 313
622 311 635 302 648 298 657 302 667 300 679 306 692 316 679 325 666 329 655 329 645 327 634 323 648 307 657 308 667 308 666 317 656 317 647 315
621 308 634 299 647 295 657 298 667 297 680 303 693 313 679 323 666 327 655 326 645 325 633 319 647 303 657 304 667 305 666 315 656 315 646 313
622 307 635 298 648 295 658 298 668 297 680 302 694 313 680 321 667 323 656 323 646 321 634 317 648 302 657 304 668 304 667 312 657 312 647 310
623 308 636 299 649 296 659 300 669 298 681 304 694 314 680 322 667 324 657 323 646 322 634 318 648 304 658 305 668 305 668 313 657 313 648 311
624 311 637 301 649 297 659 301 669 299 681 305 693 315 680 324 667 326 656 326 646 324 635 321 649 304 659 306 668 306 668 316 657 316 648 314
623 311 636 301 649 297 658 301 668 299 680 305 692 315 679 324 667 326 656 326 646 325 634 321 648 305 658 306 668 306 667 315 657 315 647 314
621 311 635 301 648 297 658 300 669 299 681 305 693 314 680 323 667 325 655 325 645 324 633 321 648 305 657 306 668 306 667 314 656 314 646 313
623 309 636 301 648 297 657 300 667 298 678 303 690 313 678 318 667 320 657 320 647 319 635 316 648 305 657 306 667 306 667 308 657 309 648 307
623 308 636 299 648 295 657 298 667 296 678 302 691 311 678 316 666 318 656 318 647 316 636 314 648 304 657 305 667 305 666 306 657 306 648 305
623 308 636 299 648 294 657 297 667 295 679 301 691 311 678 317 666 319 656 319 646 318 635 315 648 304 657 305 666 305 666 307 657 308 648 306
623 306 636 297 648 292 657 295 666 293 678 299 690 309 677 315 666 316 656 316 646 315 635 313 647 302 657 303 666 302 666 305 657 305 647 304
623 304 637 296 648 291 656 294 666 292 677 298 690 308 677 313 665 314 656 314 647 313 636 310 648 301 656 302 666 301 666 302 656 303 648 301
621 302 636 294 647 290 656 293 666 291 677 297 690 306 677 311 665 312 655 312 646 311 635 308 647 300 656 301 666 300 665 301 656 301 647 300
621 302 636 294 648 290 657 293 666 292 678 298 690 306 677 311 665 312 655 312 646 311 635 308 648 299 657 301 666 300 665 301 656 301 647 300
621 304 635 295 647 291 656 294 666 292 678 298 691 307 678 315 665 316 655 316 646 314 634 311 647 301 656 302 666 302 666 304 656 304 647 302
622 305 635 297 648 292 657 296 667 294 679 300 690 309 678 317 666 320 656 320 646 318 634 314 648 303 657 304 667 304 666 307 656 307 648 305
623 308 636 300 648 295 657 298 667 296 679 301 690 310 678 318 666 321 656 322 646 321 634 317 648 305 657 306 667 305 667 308 656 309 647 307
623 310 636 301 649 296 657 299 667 297 678 303 689 311 678 320 666 323 656 324 647 323 634 319 648 306 657 307 667 306 666 310 656 311 648 309
623 312 637 303 650 297 659 300 668 298 680 304 692 312 679 321 667 325 657 325 647 325 635 322 649 307 658 308 668 307 667 312 657 313 649 312
623 313 637 304 650 299 659 302 668 300 680 306 691 313 679 323 667 327 657 327 648 326 635 323 650 309 659 310 668 309 667 313 658 315 649 313
623 315 637 306 650 301 659 304 669 302 681 308 693 315 681 325 669 329 658 330 648 329 636 325 650 311 659 311 669 311 669 316 658 317 650 315
622 317 636 309 650 303 659 306 669 304 681 310 692 317 681 328 668 332 658 333 648 332 635 328 650 314 659 314 669 313 668 319 658 320 649 319
623 320 636 312 650 307 659 310 670 308 682 314 694 321 682 331 669 336 658 337 648 336 635 331 650 317 659 318 670 317 669 323 658 324 649 322
624 326 637 318 650 313 659 316 669 313 681 319 692 326 681 337 669 342 658 343 648 341 635 337 650 322 659 323 669 322 669 329 658 330 649 328
624 331 637 324 650 319 659 322 669 320 682 325 693 331 682 341 670 346 658 346 649 345 636 341 650 328 659 329 670 328 669 332 659 333 649 332
625 334 638 327 650 324 659 327 668 325 680 329 692 335 680 343 669 347 659 347 649 346 638 342 650 333 659 334 669 333 669 334 659 335 650 334
624 337 636 329 648 326 657 330 666 327 679 331 691 339 679 345 667 349 657 350 647 348 636 344 648 336 657 337 667 336 667 336 657 338 648 336
622 340 634 333 647 329 656 332 665 329 677 334 690 341 678 350 665 355 655 355 646 354 634 350 647 338 656 339 665 338 665 343 655 344 647 342
620 339 632 333 645 329 655 332 665 330 677 334 691 341 678 353 665 359 654 360 644 359 631 353 645 338 655 338 665 337 665 347 654 348 644 347
620 339 631 333 644 329 654 333 664 330 677 334 690 341 678 354 664 361 653 362 643 361 630 354 644 338 654 339 664 338 664 349 653 350 644 349
618 339 629 333 642 329 652 333 662 330 675 334 689 341 676 355 662 361 651 362 640 361 628 355 642 338 652 339 662 338 662 349 651 350 641 348
617 338 629 333 642 329 651 332 661 330 674 334 688 341 674 353 661 358 651 358 641 357 629 352 642 338 651 338 661 338 661 345 651 346 641 344
617 336 629 331 641 327 651 330 661 328 674 332 688 339 675 350 661 355 650 355 640 354 628 349 641 336 651 337 661 336 661 343 650 344 640 343
617 333 629 328 642 325 651 328 661 326 673 329 687 335 674 344 661 348 650 349 641 348 629 344 642 334 651 335 661 334 661 336 650 337 641 336
617 330 630 324 642 321 652 325 662 322 674 325 688 331 675 339 662 342 651 343 642 342 630 339 642 330 652 332 662 330 662 331 651 332 642 331
617 326 630 321 643 318 652 322 662 319 675 323 690 329 675 336 662 339 651 339 641 338 629 335 643 327 652 329 662 328 662 328 651 329 642 327
617 325 630 319 643 316 652 320 663 317 676 321 690 327 676 335 663 337 652 337 642 336 630 333 643 326 652 327 663 326 662 326 652 327 643 325
617 323 631 318 644 315 653 319 663 316 675 320 689 325 675 333 663 335 653 336 643 335 631 332 644 324 653 326 663 325 663 324 653 326 643 324
618 322 632 317 644 314 653 318 663 315 676 319 691 325 676 332 663 334 652 334 643 333 631 330 644 323 653 324 663 323 663 323 653 324 643 323
619 322 632 317 645 314 654 317 664 315 677 319 691 324 676 331 663 334 653 334 643 333 631 330 645 323 654 324 664 323 663 323 653 324 644 322
619 321 633 316 646 313 655 317 665 314 677 318 692 324 677 331 664 333 654 333 644 332 632 329 646 322 655 323 665 322 664 322 654 323 645 321
620 322 633 316 646 313 655 317 665 314 677 318 692 324 677 331 664 333 654 333 644 332 632 329 646 322 655 323 665 322 664 323 654 323 645 322
620 322 633 316 646 313 655 317 665 315 677 318 692 324 677 332 665 335 654 335 645 334 633 330 646 322 655 324 665 323 665 323 655 324 645 322
620 323 634 317 646 314 655 318 666 315 678 319 693 325 678 332 665 335 654 335 644 334 633 330 646 323 655 324 666 323 665 323 655 324 645 323
621 323 634 318 646 315 655 318 666 315 678 320 693 326 678 335 665 338 655 339 645 337 633 333 646 325 655 326 666 325 665 325 655 327 646 325
621 324 634 318 647 314 656 318 666 315 679 320 693 327 679 339 665 344 654 345 644 344 632 338 646 324 656 325 666 324 666 332 655 334 645 332
620 324 633 318 646 314 655 318 666 315 679 320 693 328 679 341 665 345 654 346 644 344 631 339 646 324 655 325 666 324 665 333 654 334 645 332
622 325 633 318 647 314 656 318 667 315 680 320 693 328 680 341 666 347 655 347 644 346 632 340 646 324 656 325 667 324 666 335 655 337 646 335
620 325 633 318 646 314 656 318 666 315 680 320 693 328 680 342 666 347 654 348 644 347 631 341 646 325 656 325 666 325 666 335 655 336 645 335
621 325 633 318 646 315 655 318 666 316 679 320 693 329 679 341 665 346 654 347 644 345 631 339 646 324 655 325 666 324 665 335 655 336 645 334
620 324 633 318 646 314 656 318 667 315 680 320 693 328 679 342 666 346 654 347 644 345 631 339 646 324 656 325 666 324 666 335 655 336 645 334
621 325 633 318 646 314 656 318 667 315 680 320 693 328 679 340 666 345 655 346 644 345 632 339 646 324 656 324 667 324 666 334 655 335 645 333
621 325 633 318 646 314 656 318 666 315 679 320 693 328 679 341 666 345 655 346 645 345 632 339 646 324 656 325 666 324 666 334 655 334 646 333
621 325 633 317 646 313 656 317 667 314 680 319 693 328 680 341 667 345 655 345 645 344 632 338 646 322 656 323 667 322 667 334 655 334 646 333
621 325 633 318 646 314 656 318 666 315 679 320 693 328 679 340 666 344 655 344 644 343 632 338 646 323 656 324 666 324 666 332 655 333 645 331
621 325 633 318 646 314 656 317 666 315 679 320 693 328 679 340 666 344 655 344 645 343 632 338 646 323 656 324 666 323 666 333 655 334 645 332
621 325 633 318 646 314 656 317 667 315 680 320 693 328 680 341 666 345 655 346 645 344 632 339 646 323 656 324 667 324 666 333 655 334 646 333
622 325 633 318 646 314 656 317 666 315 679 319 693 328 680 341 666 345 655 346 645 344 632 339 646 323 656 324 666 323 666 334 655 334 646 333
622 325 633 318 646 314 656 317 667 315 680 319 694 328 680 340 667 345 655 345 645 344 632 339 646 323 656 324 667 323 667 333 656 334 645 332
621 324 634 316 648 313 657 316 667 314 681 319 695 327 681 341 667 346 656 347 646 346 633 340 648 323 657 323 667 323 667 335 656 335 647 334
620 323 634 315 648 311 657 314 668 312 682 317 696 326 682 342 668 347 656 348 646 346 632 340 648 321 657 322 668 321 667 335 657 336 647 334
620 324 634 315 649 311 659 315 670 313 684 318 699 327 684 342 670 348 658 349 647 348 633 341 649 321 659 322 670 321 669 337 658 338 648 336
623 326 636 318 651 314 660 318 672 316 686 320 700 328 686 345 671 352 659 353 648 351 634 345 650 323 660 324 672 324 671 341 659 342 649 340
623 329 637 322 652 319 662 322 673 320 688 324 701 331 688 348 673 355 661 356 650 355 635 348 652 328 662 329 673 328 672 344 661 345 650 344
624 334 639 327 654 323 663 327 673 325 688 329 701 336 688 353 673 360 661 361 651 360 637 353 653 332 663 333 674 332 673 348 661 349 652 348
625 338 640 332 654 329 663 333 674 330 687 334 701 340 687 355 673 362 662 363 651 361 638 355 653 336 663 338 674 337 673 350 662 352 652 350
627 344 640 338 653 335 662 338 672 336 685 339 699 345 686 359 673 365 662 365 651 364 639 359 653 342 662 343 673 343 672 353 662 354 652 353
627 349 639 343 651 340 661 343 671 341 683 345 698 350 684 364 671 370 660 371 649 369 638 364 651 347 661 348 671 347 671 357 660 359 650 357
627 354 640 348 652 344 661 347 671 345 684 348 697 354 685 368 672 375 661 376 651 375 638 369 652 351 661 352 672 351 671 361 660 363 651 361
626 356 638 350 650 347 660 350 670 348 682 351 694 357 683 371 670 378 659 379 648 377 636 372 650 354 660 355 671 354 670 363 659 365 649 363
626 357 638 349 650 346 660 349 670 347 682 351 695 357 683 372 670 380 659 381 649 380 636 373 650 353 660 355 670 354 670 365 659 367 649 365
625 353 637 345 649 341 659 344 669 342 682 346 694 353 682 368 669 375 657 376 646 375 634 369 649 349 659 350 669 349 668 361 657 363 647 361
626 347 637 337 649 333 658 336 668 334 680 339 692 347 681 362 669 368 657 369 647 368 635 362 649 341 658 342 668 342 668 354 657 355 648 354
626 340 637 330 649 325 658 328 668 326 680 331 692 340 681 352 669 358 658 359 648 358 636 353 649 333 658 334 669 334 669 345 658 346 649 345
627 332 638 323 650 318 660 322 670 319 682 324 693 333 682 344 670 349 659 350 649 349 637 344 650 328 660 329 670 328 669 335 659 336 649 335
627 327 639 319 651 314 660 317 670 315 682 320 694 329 683 339 670 343 659 344 650 343 638 338 651 324 660 325 671 324 670 330 660 331 650 329
627 325 639 317 651 313 661 316 671 314 683 319 695 327 683 337 671 341 660 341 650 340 638 336 651 323 661 324 671 323 671 328 660 328 650 327
627 325 640 317 652 313 662 317 673 314 684 320 696 328 684 338 672 342 660 342 650 341 638 336 652 323 662 324 673 323 672 329 661 330 651 328
629 329 641 320 652 316 662 320 673 317 685 322 697 330 685 340 673 344 661 345 651 343 640 339 653 324 662 325 673 325 673 332 662 333 652 332
627 330 640 322 652 318 661 321 672 319 685 324 697 332 685 343 672 347 660 348 650 347 638 342 652 327 661 328 672 327 672 335 660 335 651 334
627 331 639 323 652 319 661 322 672 320 684 325 696 332 684 343 672 348 660 349 650 348 638 343 652 328 661 329 672 328 671 336 660 337 651 335
628 331 640 323 651 319 660 322 671 320 683 325 696 332 684 343 671 347 660 348 650 347 639 343 651 327 660 328 671 328 671 335 660 336 651 335
626 330 638 323 650 318 660 322 670 319 683 324 696 332 683 343 670 347 659 348 649 347 637 343 650 327 660 328 670 327 670 335 659 336 649 335
626 330 638 321 650 317 659 321 670 318 682 323 695 331 682 342 670 347 658 348 649 347 637 342 650 327 659 328 670 327 669 334 658 336 649 334
627 330 638 322 649 318 658 321 669 319 681 324 693 331 682 342 669 347 658 348 648 346 637 342 649 327 659 327 669 327 668 334 658 335 649 334
625 330 637 322 649 318 658 321 669 319 681 324 692 332 681 342 669 347 657 348 647 346 636 342 649 327 658 328 669 327 668 334 658 335 648 334
624 330 637 322 649 318 658 321 669 319 681 324 694 331 681 342 669 347 657 348 647 347 635 342 649 327 658 328 669 327 668 334 657 335 648 334
625 331 637 322 649 318 658 321 668 319 680 324 692 332 680 342 668 346 657 347 648 346 636 341 649 327 658 328 668 327 668 334 657 335 648 333
624 331 637 322 649 318 659 321 669 318 681 322 694 330 682 340 670 345 658 346 648 345 636 341 649 326 659 327 669 326 669 332 658 333 649 332
624 330 637 322 649 317 659 320 669 317 681 322 693 328 681 339 670 344 658 345 648 344 636 340 650 326 659 327 669 325 669 330 658 332 649 330
625 330 637 321 650 315 659 318 669 316 681 320 693 327 682 338 670 344 659 345 649 344 636 341 650 325 659 326 669 325 669 329 659 331 650 330
624 329 638 319 651 314 661 317 671 315 682 319 694 326 683 338 671 343 660 345 650 344 636 340 651 324 661 325 671 324 670 329 660 330 650 329
626 330 639 320 652 314 661 317 671 314 683 320 694 328 683 339 672 345 661 347 651 346 638 342 652 324 661 324 671 323 671 330 661 332 651 331
627 331 640 321 653 315 662 318 672 316 683 321 694 329 684 340 673 346 661 348 652 347 639 343 653 325 662 325 672 324 672 332 661 334 652 333
627 333 640 323 653 318 662 321 672 318 684 323 696 331 685 343 673 350 662 351 652 350 639 346 653 327 663 327 673 326 672 335 662 337 652 336
626 337 639 327 652 321 662 324 672 322 684 326 695 334 685 346 673 353 662 355 652 354 638 350 653 331 662 331 672 330 672 338 661 340 652 339
627 341 639 331 652 325 661 327 671 325 683 330 695 337 684 350 673 357 662 358 652 358 639 353 653 334 662 334 672 333 672 342 661 344 652 343
627 344 639 334 652 329 661 331 671 329 683 333 694 341 685 354 673 360 661 362 652 361 638 356 653 338 661 338 672 337 672 345 661 347 652 346
628 345 640 336 653 331 662 334 672 331 684 335 696 342 685 355 673 363 662 364 652 363 639 358 653 340 662 340 672 339 672 347 661 349 652 348
627 346 640 338 653 333 662 336 672 333 684 337 695 343 684 357 672 364 661 365 652 364 639 359 653 342 662 342 672 341 672 348 661 350 652 349
626 343 639 336 652 332 661 335 671 332 684 336 697 341 685 354 673 361 661 363 651 362 638 357 652 341 662 342 672 341 672 346 661 348 652 346
625 339 638 332 652 328 661 331 671 328 683 332 695 336 684 349 672 356 661 357 651 356 637 352 652 337 661 338 672 336 671 341 661 342 651 341
623 334 637 327 651 323 661 326 671 323 684 326 697 332 685 344 672 351 660 352 650 351 636 347 651 332 661 333 672 332 671 336 660 338 650 336
624 330 638 324 652 319 661 322 672 319 685 323 697 329 685 340 673 346 661 347 651 346 637 342 652 328 661 329 672 327 672 332 661 333 651 332
625 328 638 320 652 315 661 319 672 316 685 320 696 326 685 337 673 343 661 344 651 343 637 340 652 325 662 325 673 324 672 328 661 330 651 329
625 327 638 318 652 313 662 315 672 313 685 317 697 325 685 337 673 342 661 343 651 342 637 338 652 322 662 323 673 322 672 328 661 329 651 328
627 328 640 317 653 311 662 314 673 312 685 317 697 326 685 338 673 344 661 345 651 344 638 340 653 321 662 322 673 320 672 328 661 330 652 329
628 325 641 314 653 309 662 312 672 310 684 315 696 325 684 338 672 344 660 345 651 344 639 338 653 319 662 320 672 319 671 330 661 331 652 330
628 321 640 312 653 307 661 310 671 308 684 314 697 323 684 337 672 343 660 344 651 343 638 336 652 317 661 318 671 317 671 330 661 332 651 330
628 320 639 310 652 305 662 308 672 306 685 312 698 321 685 335 672 341 660 342 650 341 638 335 652 314 661 315 672 314 672 329 661 330 651 329
627 318 640 309 653 304 662 308 673 306 685 311 698 320 685 334 672 339 660 340 650 338 638 333 653 313 662 315 673 314 672 327 661 329 651 327
627 318 640 309 652 305 662 308 672 306 685 312 699 321 685 334 672 339 660 339 650 338 638 333 652 313 662 315 672 314 672 327 661 328 651 326
628 319 640 310 653 305 662 308 672 307 685 312 698 321 685 334 672 339 661 340 650 338 639 333 652 313 662 315 673 314 672 327 661 328 651 326
628 320 640 311 653 306 662 310 673 308 685 313 698 322 685 335 672 340 660 340 651 339 638 334 653 314 662 315 673 315 672 328 661 329 651 327
628 322 641 311 654 306 662 310 673 308 685 313 697 323 685 336 672 341 661 341 651 340 639 335 653 315 662 316 673 316 672 329 661 330 652 328
627 323 639 312 651 307 661 310 672 308 684 314 695 324 684 336 671 341 659 341 649 340 637 335 651 316 661 317 672 316 671 328 660 329 650 327
625 324 638 313 651 308 661 311 671 309 683 314 694 324 683 335 671 340 660 341 649 340 636 336 651 317 660 318 671 317 671 326 660 328 650 326
623 325 637 314 650 309 660 312 670 310 682 315 694 323 683 334 671 339 659 340 649 339 635 335 650 320 660 320 671 319 670 324 659 326 649 325
624 326 637 317 650 312 659 314 670 312 682 316 694 324 683 335 671 340 659 341 648 340 635 337 650 322 659 322 670 321 670 326 659 327 649 326
622 328 635 318 648 313 658 316 668 314 680 318 692 326 681 337 670 342 658 343 648 342 635 339 648 324 658 324 669 323 669 327 658 329 648 328
621 331 635 321 648 316 657 318 668 316 679 321 692 328 680 340 668 345 657 346 647 345 634 342 648 326 657 326 668 325 668 330 657 332 648 331
621 331 634 323 647 318 657 321 667 319 678 323 690 331 679 342 667 347 656 348 645 347 632 343 647 328 656 328 667 327 667 333 656 334 646 333
620 335 634 325 647 321 657 323 667 321 679 326 691 333 679 344 667 350 656 351 646 350 632 346 647 330 657 331 667 330 667 335 656 337 646 336
620 336 633 327 646 323 656 325 666 323 678 328 690 335 679 346 667 352 655 353 645 352 632 348 646 331 656 332 666 331 666 338 655 339 646 338
619 337 632 329 646 324 655 327 665 325 677 329 690 336 678 348 666 353 654 354 644 353 631 349 646 333 655 334 666 333 665 338 655 340 645 339
620 341 632 332 646 327 655 330 665 327 677 332 689 338 677 351 665 357 655 358 645 357 631 352 646 336 655 336 665 335 665 342 654 343 645 342
618 342 631 334 644 329 654 332 664 330 677 334 689 340 678 353 665 360 654 361 643 360 630 355 645 338 654 338 665 338 664 344 654 346 644 345
619 344 631 337 644 333 654 336 664 334 676 338 689 344 677 359 665 366 653 367 643 366 630 360 644 341 654 342 664 341 664 350 653 352 644 350
619 348 631 341 644 336 654 339 664 337 677 341 690 348 678 363 665 369 653 371 643 370 630 364 644 344 654 345 665 344 664 354 653 356 643 354
619 350 632 343 645 339 655 342 665 340 677 344 691 350 678 365 665 372 654 373 643 372 630 366 645 347 654 348 665 348 664 357 654 358 644 356
619 352 632 345 644 341 654 344 664 342 677 346 691 352 678 366 665 373 654 374 644 373 631 367 645 349 654 350 664 349 664 358 654 359 644 358
619 352 631 346 644 342 654 345 664 343 677 346 691 352 678 367 665 374 653 375 643 374 630 368 645 350 654 351 665 350 664 358 653 359 644 358
618 351 631 346 644 342 654 345 664 343 676 346 689 352 677 367 664 373 653 375 642 373 629 367 644 350 653 351 664 350 663 358 653 360 643 358
618 351 630 345 643 342 653 345 663 343 676 346 690 352 677 367 664 373 652 374 641 373 629 367 643 349 653 350 664 350 663 359 652 360 642 358
618 352 631 346 643 342 653 345 663 343 676 347 690 352 676 366 663 373 652 374 641 373 629 366 643 350 653 350 663 350 663 358 652 360 642 358
619 350 631 345 643 341 653 344 663 342 676 346 690 351 677 365 664 371 652 372 642 370 630 364 644 349 653 350 663 350 663 357 652 358 643 357
620 348 633 344 644 341 653 344 663 341 676 345 691 349 677 360 664 366 653 366 644 365 632 359 644 350 653 351 664 349 664 353 653 354 644 352
621 346 633 342 645 339 654 343 664 340 677 342 692 347 678 357 666 362 655 363 645 361 634 356 645 348 655 349 665 348 665 349 655 350 645 349
620 343 634 339 645 337 655 340 665 337 677 340 692 344 678 354 666 359 655 359 645 358 634 354 645 345 655 347 665 345 665 347 655 348 646 347
620 341 634 337 646 334 655 338 665 335 678 338 692 342 678 352 665 356 655 357 645 355 634 351 646 343 655 345 665 343 665 344 655 345 646 344
621 339 635 335 647 333 655 336 665 333 678 336 693 340 679 350 666 353 656 354 646 353 634 349 647 341 655 342 666 341 666 342 655 343 647 342
622 337 635 333 647 331 656 334 666 331 679 334 693 338 680 347 667 351 656 352 647 351 635 347 647 339 656 340 666 339 666 340 656 341 647 340
622 335 636 331 648 328 657 331 667 328 679 331 693 336 680 344 667 348 657 349 648 348 636 344 648 336 657 337 667 336 667 337 657 338 648 337
622 333 636 328 648 326 657 329 667 326 679 330 694 335 680 344 667 348 657 349 647 347 635 343 648 335 657 336 667 335 667 336 657 337 648 335
623 332 637 327 649 324 657 327 667 324 680 328 695 334 681 344 668 349 657 350 648 348 636 343 649 333 657 334 667 333 667 336 657 337 649 335
623 330 636 323 649 320 658 323 668 321 682 325 696 332 682 345 669 351 657 352 648 350 635 344 649 328 658 329 669 329 668 339 657 340 648 339
624 327 636 320 649 316 658 319 669 317 682 322 696 330 683 345 669 352 657 352 647 351 635 344 649 325 658 326 669 325 669 339 658 340 648 339
625 325 637 317 650 313 659 316 670 314 684 319 697 328 684 344 670 351 658 351 648 350 636 343 650 322 659 323 670 322 670 338 659 339 649 338
627 325 639 316 651 311 660 314 671 312 684 318 696 327 684 339 671 343 659 343 650 342 638 338 651 323 660 324 671 323 670 327 660 328 650 326
625 322 638 313 651 308 661 311 671 309 685 315 698 325 685 340 671 346 660 346 649 345 636 339 651 318 661 319 671 318 671 334 660 335 650 334
626 320 638 310 652 306 661 309 672 307 686 312 699 322 686 338 672 344 660 345 650 344 637 338 652 315 661 316 672 315 672 332 660 333 651 332
626 319 639 309 653 305 663 307 673 305 687 311 700 321 687 337 673 343 662 344 651 342 638 336 653 313 663 314 673 313 672 331 662 332 652 330
628 319 641 309 654 304 664 307 674 305 688 310 701 320 688 336 674 341 663 342 653 341 639 335 654 312 664 313 674 312 674 331 663 332 653 331
628 320 641 310 655 306 665 308 675 306 689 311 701 320 689 336 676 342 665 343 654 342 640 337 655 314 665 314 675 313 675 331 665 333 655 332
629 323 641 313 655 309 665 311 676 309 690 313 702 322 690 338 676 344 664 346 654 345 640 339 655 315 665 316 676 315 676 333 665 335 654 334
632 327 644 317 657 312 667 315 677 312 690 317 702 326 690 341 677 347 666 348 656 348 643 342 657 320 667 321 677 320 677 335 666 337 657 336
635 330 646 322 658 317 667 320 677 318 689 323 701 330 689 342 677 348 667 349 657 348 646 343 658 325 668 327 677 325 677 335 667 336 658 335
633 335 646 328 658 324 668 327 677 324 689 328 701 335 690 345 678 350 668 351 658 350 646 346 658 333 668 334 678 333 678 336 668 338 658 336
633 340 646 334 659 330 668 333 677 330 689 334 701 341 689 351 678 356 668 357 658 357 646 352 659 339 668 340 677 339 677 343 668 344 659 342
633 346 646 339 658 335 668 338 677 336 689 339 701 346 689 356 678 362 667 363 658 362 645 357 659 344 668 346 677 344 677 348 667 349 658 347
632 350 644 343 657 339 667 342 676 340 688 343 700 350 688 359 677 365 667 366 657 365 644 361 657 348 667 349 676 348 676 352 666 353 657 351
632 351 644 344 656 340 666 343 675 340 687 344 698 351 687 361 676 366 665 367 655 366 643 362 656 349 666 350 676 349 675 353 665 354 655 352
632 352 644 343 656 339 665 342 675 339 686 343 697 351 687 360 675 366 664 367 654 366 643 363 656 347 665 348 675 347 675 352 664 354 655 352
632 353 643 343 655 337 664 340 674 337 685 341 695 350 685 360 674 365 664 367 654 367 642 363 655 345 664 346 674 345 674 352 663 354 654 353
633 350 643 340 655 335 664 337 674 335 685 339 695 348 685 357 675 362 664 363 654 363 643 360 656 343 664 344 674 342 674 348 663 350 655 349
630 345 642 336 654 332 662 335 672 332 683 336 695 343 684 352 673 356 662 357 653 357 642 354 654 341 662 342 672 341 672 343 662 344 654 343
630 339 642 332 654 328 662 331 671 328 683 333 695 340 683 349 672 353 663 354 653 353 642 349 654 338 663 339 671 338 671 339 662 340 654 339
630 337 641 329 654 325 663 328 672 325 684 330 696 337 684 347 673 352 663 353 653 353 641 348 654 336 663 336 673 335 672 338 663 339 654 338
630 335 642 327 655 322 663 325 673 322 685 327 697 334 685 345 674 351 663 352 654 351 641 347 655 333 663 333 673 332 673 337 663 338 654 337
628 332 641 324 655 320 664 323 674 320 686 325 697 331 686 342 674 347 663 349 653 348 640 344 655 329 664 330 675 329 674 334 663 335 654 334
627 329 640 322 653 317 663 320 673 318 685 322 696 329 685 340 673 346 662 347 652 346 638 342 653 327 663 327 673 326 673 332 662 333 652 332
627 327 640 319 654 315 663 318 673 315 685 319 697 327 685 337 673 342 662 343 652 342 639 338 653 324 663 325 673 324 673 329 662 330 653 329
627 324 640 316 653 312 663 315 673 313 685 317 697 325 685 335 672 340 662 340 651 339 638 335 653 321 663 322 673 321 672 326 662 327 652 326
628 321 641 312 654 308 664 311 673 309 686 314 698 322 686 332 673 337 662 338 652 337 639 332 654 316 663 318 673 317 673 324 663 325 653 324
629 317 641 308 654 303 663 306 673 304 685 310 697 319 685 329 672 333 662 333 652 332 640 328 653 312 663 313 673 312 672 320 662 321 653 319
629 314 641 303 654 298 663 301 673 299 686 305 697 316 685 326 673 330 662 331 652 329 640 325 653 307 663 308 673 308 673 318 662 319 653 318
631 310 642 300 655 295 664 298 674 296 686 303 698 314 685 326 672 330 662 330 652 329 641 323 655 303 664 304 673 304 673 319 663 320 654 318
630 309 642 298 655 293 664 297 674 295 687 302 697 314 685 326 672 330 661 330 651 328 639 323 654 302 664 303 673 303 673 319 663 319 653 318
629 308 641 298 655 294 664 297 674 296 687 303 699 314 686 325 672 329 662 329 652 328 639 322 655 303 664 304 674 304 673 318 663 318 653 316
629 310 642 300 655 296 665 299 675 297 687 304 699 315 686 324 673 327 662 327 652 325 640 321 654 304 664 306 674 306 674 315 663 315 654 314
629 310 643 302 656 298 665 301 675 299 688 305 700 316 687 323 674 326 664 326 654 324 641 321 656 308 665 308 675 308 675 314 664 314 655 312
629 311 642 303 655 300 665 303 675 301 687 307 700 316 686 325 673 327 663 327 653 326 641 322 655 309 664 310 674 310 674 315 664 316 654 314
629 312 643 304 656 300 665 304 674 302 686 307 699 316 686 325 673 327 663 327 653 325 641 322 655 310 664 311 674 311 673 315 664 315 655 314
629 312 643 304 656 300 665 303 675 301 687 307 700 317 687 325 674 327 663 327 653 326 641 323 655 310 665 311 674 311 674 316 664 316 655 314
629 312 642 305 656 301 665 304 675 302 687 308 700 317 686 325 673 328 663 328 653 326 641 323 655 310 664 312 674 311 674 316 664 316 654 314
628 313 642 305 655 301 664 304 674 302 687 308 699 318 686 326 673 329 663 329 653 328 641 324 655 311 664 312 674 311 673 317 663 317 654 316
