575 245 584 240 592 237 599 238 606 235 615 237 626 241 617 248 608 252 601 253 593 253 585 252 592 241 599 241 607 239 607 243 600 245 593 245
577 244 586 239 593 236 601 237 608 234 617 236 629 239 619 246 611 250 603 252 595 252 587 250 594 240 601 240 609 238 610 242 602 244 594 244
580 244 588 239 596 236 604 237 611 234 621 236 631 239 622 246 614 250 606 252 598 252 589 250 597 240 604 240 612 238 613 242 605 244 597 244
581 245 590 240 598 237 606 238 613 236 622 237 634 240 624 246 615 250 607 251 600 251 591 250 598 241 606 241 613 239 614 242 607 244 599 244
583 244 593 240 601 238 608 239 615 237 625 237 636 240 627 246 618 249 610 251 603 251 594 249 601 241 608 241 616 240 617 242 609 244 602 243
584 244 594 241 601 238 609 239 616 237 626 238 638 240 628 247 619 250 611 251 604 251 595 249 602 242 609 242 617 240 617 242 610 244 603 244
586 244 595 240 604 237 611 239 619 236 630 238 641 241 631 248 622 251 614 253 606 252 597 250 604 242 612 242 620 241 621 244 613 246 605 245
588 244 598 240 606 238 614 239 621 236 632 238 643 241 634 249 625 253 616 254 609 254 599 252 607 242 614 242 622 241 623 245 615 247 608 246
589 245 598 241 606 238 615 239 622 236 632 238 644 241 635 249 625 253 617 254 609 254 599 252 607 242 615 242 623 241 624 246 616 247 608 247
592 244 600 240 609 237 617 238 625 236 635 237 647 241 637 248 628 252 620 253 611 253 601 251 609 241 618 242 626 240 627 244 619 246 610 246
593 243 601 239 609 236 618 238 626 236 637 236 648 240 639 248 629 251 621 253 612 252 602 250 610 241 619 241 627 240 628 244 620 245 611 245
594 242 603 238 611 236 620 237 627 235 637 236 648 239 638 246 630 249 622 250 613 250 605 248 612 240 620 241 628 239 629 242 621 244 613 243
595 240 605 237 614 235 622 236 629 234 639 235 650 238 641 245 631 248 623 249 615 249 606 247 614 239 622 240 630 238 631 240 623 242 615 241
596 240 606 236 614 234 623 236 631 234 640 235 652 238 642 244 633 247 624 248 616 248 607 246 615 238 623 239 631 238 632 240 624 241 615 241
597 238 606 235 615 233 623 235 632 233 642 234 653 237 643 243 634 246 625 247 617 247 607 245 615 237 624 238 632 237 633 239 625 241 616 240
598 237 608 234 617 233 625 234 633 232 642 233 653 236 644 243 634 246 626 246 618 246 608 244 617 237 625 238 633 236 634 239 626 240 617 239
598 236 608 233 618 232 626 233 634 231 644 233 655 236 645 242 635 245 627 246 618 245 609 243 618 236 626 237 634 236 635 238 627 239 618 238
598 235 609 233 618 231 626 233 635 231 644 232 656 235 645 241 636 243 627 244 619 243 609 241 618 235 626 236 635 235 635 237 627 238 619 237
599 235 610 232 619 231 628 232 636 230 646 232 657 235 647 241 637 243 628 244 620 243 610 241 619 235 628 236 636 235 636 237 628 238 620 237
600 235 611 232 621 231 629 233 637 231 646 232 657 235 646 242 637 244 629 244 621 244 611 241 621 235 629 236 637 235 637 237 629 238 621 237
602 234 613 231 622 231 630 232 639 231 649 232 659 236 649 243 639 245 630 246 622 245 612 242 622 235 630 236 639 235 639 238 630 239 622 237
602 235 612 232 622 231 631 233 639 231 649 233 660 237 650 244 640 247 631 247 622 246 612 243 622 235 631 236 639 236 640 239 632 240 622 239
603 235 613 232 624 231 632 233 640 232 650 234 661 238 651 246 641 249 632 249 623 248 613 244 623 236 632 237 640 237 641 241 632 242 624 240
604 236 614 233 624 232 633 235 641 233 651 235 662 239 651 246 641 249 633 249 624 248 614 244 624 237 633 239 641 238 642 241 633 242 624 240
603 236 614 234 624 234 633 237 641 235 652 237 662 240 651 246 641 248 632 249 623 248 613 244 624 239 633 240 641 239 642 241 633 242 624 241
603 237 615 236 625 235 633 238 642 236 651 238 662 242 651 249 641 251 632 251 623 250 613 245 624 240 633 242 641 241 641 243 633 244 624 242
604 240 615 239 625 239 634 241 642 240 651 242 662 245 651 251 641 253 633 253 624 251 614 247 625 243 633 245 642 244 642 246 633 247 625 245
605 244 616 242 625 241 633 244 641 242 650 244 660 248 649 254 640 256 632 256 624 255 615 251 625 245 633 247 641 246 641 248 633 250 625 248
608 247 617 244 626 243 634 246 642 244 650 246 658 251 649 256 641 258 633 259 625 258 616 254 626 248 634 249 642 248 641 250 633 251 626 250
608 249 617 247 625 246 633 248 640 247 648 248 657 252 647 258 639 260 632 260 624 259 617 256 625 250 632 251 640 250 640 252 633 253 625 252
607 249 616 247 625 246 632 248 640 247 648 248 658 252 648 257 639 259 632 259 624 258 616 255 625 250 632 251 640 250 640 251 633 252 625 251
606 248 616 246 624 245 631 247 638 245 647 247 657 250 647 256 638 258 631 259 624 258 615 255 624 248 631 249 638 248 639 250 632 251 624 250
606 245 616 242 624 241 632 243 640 241 649 244 658 248 648 255 639 258 631 258 623 257 615 253 624 246 632 247 640 246 640 249 632 250 624 249
605 243 614 241 623 239 631 241 639 239 648 241 658 245 648 252 639 255 631 256 623 255 614 251 623 243 631 245 639 244 640 247 632 248 623 247
604 241 614 238 623 236 631 239 638 236 647 238 658 242 648 250 638 253 631 253 623 252 613 249 623 241 631 243 638 241 638 244 631 245 623 244
603 239 613 237 622 235 630 237 638 235 647 236 657 240 647 247 638 251 630 251 622 251 613 247 622 239 630 241 638 239 638 242 630 244 622 243
601 238 612 235 621 233 628 235 637 233 646 235 657 238 647 243 638 245 629 245 622 245 612 243 621 237 629 238 637 237 637 238 629 239 622 238
599 236 611 233 620 231 628 233 636 231 645 232 655 236 645 240 637 241 628 242 620 242 611 240 620 235 628 236 636 235 637 235 628 237 620 236
599 235 610 231 619 230 627 231 635 230 644 232 654 236 644 240 635 240 627 240 619 240 610 239 619 234 627 235 635 234 635 234 627 235 619 234
599 235 609 231 618 229 626 231 634 229 644 231 654 236 644 239 635 239 626 239 618 239 609 238 618 233 626 234 635 233 635 233 626 234 618 233
596 234 607 230 616 228 624 230 632 228 641 230 652 235 641 238 632 239 624 239 616 239 607 238 616 232 624 233 632 232 632 232 624 233 616 232
595 233 606 230 614 228 622 230 630 228 639 230 650 234 639 237 630 238 622 238 614 238 605 237 614 232 622 233 630 232 630 232 622 233 614 232
594 234 604 230 612 228 620 229 627 227 636 229 647 233 637 237 628 238 621 238 613 238 604 237 613 232 620 233 628 232 628 232 621 233 613 232
593 232 603 228 611 225 618 227 626 225 635 227 645 231 636 237 627 240 619 241 611 240 603 238 611 230 618 230 626 229 626 232 619 234 611 233
591 231 601 226 609 223 617 225 624 223 633 225 644 229 634 237 625 240 617 241 610 241 601 239 609 228 617 228 624 227 624 232 617 233 610 232
590 230 600 227 608 223 615 225 622 223 632 225 643 229 633 236 624 239 616 240 608 239 600 237 608 228 615 228 623 227 623 231 616 232 608 232
588 232 597 228 605 225 613 226 620 224 630 226 642 230 631 237 622 239 614 240 606 240 597 238 605 229 613 230 621 228 621 232 613 233 606 233
585 235 595 231 603 228 611 229 618 227 628 229 640 233 629 240 620 243 612 244 604 244 595 242 604 232 611 233 619 232 619 236 612 237 604 237
584 238 593 234 601 232 610 233 617 231 627 233 638 237 627 245 618 247 610 247 602 247 594 245 602 236 610 237 617 236 618 239 610 240 602 239
583 241 592 237 601 236 608 237 616 235 626 237 638 242 627 249 617 251 608 252 600 251 592 248 601 240 608 242 616 240 616 243 608 245 601 244
585 243 594 240 601 238 607 239 614 237 624 240 635 244 624 251 615 254 607 254 601 253 594 251 601 241 607 242 614 241 614 245 607 246 601 245
588 243 595 239 601 236 608 238 615 237 624 239 635 244 624 251 615 253 608 254 601 253 594 250 602 240 608 241 615 240 615 244 608 245 602 244
587 242 595 237 602 235 608 236 615 235 624 237 635 242 625 249 616 252 608 253 602 252 595 249 602 239 608 239 616 239 616 243 608 244 602 243
589 241 596 236 603 234 609 235 616 234 624 237 635 241 625 249 616 251 609 252 602 251 595 249 603 238 609 239 616 238 616 242 609 243 603 242
587 243 596 238 603 236 609 237 616 236 625 239 635 243 625 251 617 253 609 254 603 253 595 250 603 240 609 241 616 240 616 244 609 245 603 244
586 245 595 240 602 238 609 240 616 238 626 241 636 246 626 254 617 257 609 257 602 257 594 253 602 243 609 244 616 243 617 248 609 249 602 248
586 245 595 241 602 239 609 240 616 238 625 241 636 245 625 253 616 256 609 257 602 256 594 253 602 242 609 243 616 242 616 248 609 249 602 248
585 245 595 241 603 238 610 240 617 238 626 240 638 244 627 251 617 253 610 254 602 253 594 251 603 242 610 243 617 242 617 246 610 247 602 246
584 244 595 241 604 239 612 241 619 239 629 240 641 243 629 248 620 249 612 249 603 249 594 248 604 243 612 244 620 243 619 243 612 244 603 243
584 244 595 240 604 238 613 240 620 238 630 239 642 244 631 249 621 251 612 251 604 251 594 249 604 244 613 245 621 243 621 243 612 245 604 244
585 246 595 243 603 242 612 244 620 242 630 243 641 246 630 252 621 254 612 254 604 254 595 251 604 247 612 248 620 247 620 247 612 248 604 247
587 247 596 243 605 241 614 243 622 240 632 242 643 247 633 254 623 258 614 259 605 258 596 255 605 246 614 247 622 246 622 250 614 251 605 250
588 246 597 243 606 241 615 242 622 240 632 242 644 246 633 254 623 257 615 258 606 258 597 255 606 245 615 246 623 245 623 249 615 250 606 250
590 246 599 242 608 240 616 241 624 239 634 240 644 244 635 250 626 253 617 255 609 254 600 253 608 244 617 245 625 243 625 246 617 248 609 247
591 246 600 242 609 240 617 241 624 239 634 241 645 245 635 252 626 255 618 256 610 256 601 253 609 244 617 245 625 244 625 247 617 249 609 248
592 246 601 243 609 240 617 242 625 239 635 241 646 244 636 251 627 254 619 255 611 255 602 253 610 245 618 245 626 244 626 247 618 248 610 248
592 246 601 242 610 240 619 242 627 239 637 240 648 244 638 250 628 252 620 253 611 253 602 252 610 245 619 246 628 244 628 245 619 247 610 246
593 246 602 242 610 240 619 242 627 239 637 240 648 243 638 248 629 251 620 252 612 252 603 250 611 244 619 245 628 243 628 244 620 246 611 246
592 245 602 242 611 240 620 241 628 239 638 239 649 242 639 247 630 249 621 250 612 250 603 249 611 243 620 244 629 242 629 243 620 245 611 244
592 244 603 241 612 239 621 240 630 238 640 238 651 242 641 246 631 248 622 249 613 249 603 248 612 242 621 243 630 242 631 242 622 244 612 243
593 244 604 240 613 238 622 240 631 237 640 238 652 241 641 245 632 247 623 248 614 248 604 248 613 242 622 243 631 241 631 242 622 243 613 243
593 244 604 240 613 238 623 239 632 237 642 237 653 241 643 244 633 246 624 247 614 247 604 247 613 241 623 241 632 240 633 240 623 242 614 242
593 243 604 239 614 237 623 238 632 236 642 237 653 240 643 244 633 246 624 246 615 246 605 246 614 240 623 241 633 239 633 240 624 241 614 241
593 243 605 237 615 235 624 236 632 234 643 235 654 239 644 244 634 246 625 247 616 247 605 246 615 239 624 240 633 238 633 239 624 240 615 239
594 242 605 237 615 235 624 236 632 234 643 235 655 238 644 243 634 245 625 246 616 246 606 245 615 239 624 239 633 238 633 237 624 239 615 239
594 242 605 237 615 234 625 235 633 233 644 235 656 238 645 242 634 245 625 246 616 246 606 245 616 238 625 239 634 237 634 237 625 239 616 238
595 241 606 236 616 234 625 235 634 233 644 234 656 238 645 242 635 244 626 245 617 245 606 244 616 238 625 239 634 237 634 237 625 238 616 238
596 241 607 237 617 234 626 235 634 233 645 234 657 237 646 241 636 243 627 244 618 245 608 244 617 238 626 239 635 237 635 236 626 238 617 238
596 241 607 236 617 233 626 234 634 232 644 234 656 237 645 241 635 243 627 244 618 244 608 244 617 237 626 238 635 237 635 236 626 238 618 237
596 241 607 236 617 233 626 235 634 233 644 234 655 237 645 241 635 244 626 245 617 245 607 244 617 237 626 238 634 237 634 236 626 238 617 238
596 241 607 236 618 234 626 236 635 233 645 234 657 237 646 241 636 244 627 245 618 245 608 244 618 238 627 239 635 237 635 237 627 238 618 238
597 241 608 237 617 234 626 235 634 233 644 235 656 238 645 241 635 244 626 244 618 245 608 244 617 238 626 239 634 237 635 236 626 238 617 238
597 241 607 236 617 234 626 235 634 233 644 234 656 238 645 242 635 244 626 245 618 245 608 244 617 238 626 239 635 237 635 237 626 238 617 238
597 241 608 236 617 233 626 235 634 233 644 234 655 238 645 242 635 244 626 245 618 245 608 244 617 238 626 239 635 237 635 237 626 238 617 238
597 241 607 236 617 234 626 235 635 233 645 234 656 238 645 241 636 243 627 244 618 244 608 243 617 238 626 239 635 237 635 236 626 238 617 237
596 240 607 236 617 234 626 236 634 233 644 235 655 237 644 242 635 244 626 245 617 245 607 244 617 239 626 240 634 239 634 236 626 238 617 237
597 240 608 236 618 234 626 236 634 234 644 234 655 237 645 241 635 243 627 243 618 244 608 243 618 238 626 239 635 238 635 236 626 237 618 237
597 240 608 236 618 234 626 235 634 233 644 234 655 237 644 241 635 243 626 244 618 244 608 243 618 238 626 239 635 238 634 236 626 237 618 237
597 240 608 236 618 234 626 236 635 233 645 234 656 237 645 241 635 243 627 244 618 244 608 243 618 239 627 240 635 239 635 235 626 237 618 236
597 240 608 236 618 234 627 236 635 233 645 234 656 237 645 240 636 242 627 243 618 243 608 243 618 239 627 240 636 239 635 235 626 237 618 236
597 240 608 237 618 236 627 237 635 235 644 235 656 237 645 241 636 243 627 243 618 243 608 243 618 241 627 242 635 240 635 236 627 237 618 237
597 240 608 236 618 234 626 236 634 233 644 234 654 237 644 240 635 242 627 243 618 243 608 243 618 239 626 240 635 239 635 235 626 237 618 236
596 240 607 237 617 236 626 237 634 235 643 235 655 237 644 241 635 243 626 244 617 244 607 243 617 240 626 241 634 240 634 236 626 237 617 237
597 240 608 236 618 234 627 235 635 233 645 234 656 237 646 241 636 242 627 243 618 243 608 243 618 239 627 240 636 238 636 235 627 237 618 236
597 240 608 236 618 234 627 236 635 233 645 234 656 237 645 241 636 243 627 243 618 243 608 243 618 239 627 240 635 238 635 235 626 237 618 236
597 241 608 236 618 234 626 236 635 233 645 234 656 237 645 241 636 243 627 244 618 244 608 243 618 239 627 240 635 238 635 236 627 238 618 237
596 241 607 236 617 234 626 236 634 234 644 235 656 237 645 241 635 243 626 244 618 244 607 243 617 239 626 240 635 238 635 236 626 238 617 237
598 240 608 236 618 233 626 235 635 233 645 234 655 238 645 241 635 243 627 243 618 243 609 243 618 238 627 239 635 238 635 236 626 237 618 236
597 241 608 237 618 235 626 236 635 234 644 235 656 238 645 242 635 244 627 245 618 245 608 244 618 239 626 240 635 239 635 236 626 238 618 237
596 241 607 237 617 235 626 237 634 234 644 235 655 238 645 242 635 244 626 245 618 245 607 244 617 241 626 242 634 240 635 237 626 238 617 238
594 243 606 237 616 235 626 236 635 234 645 235 656 239 645 242 636 243 627 244 617 245 606 244 616 240 626 241 635 239 635 237 626 239 617 238
596 243 607 237 617 235 626 236 635 234 644 235 655 240 645 243 636 244 627 245 618 245 607 245 617 239 626 240 635 238 635 237 626 239 617 239
597 243 607 238 617 236 626 238 635 236 645 237 656 241 645 245 636 246 627 247 618 247 608 246 617 240 626 241 635 240 635 239 627 240 618 240
598 244 608 240 617 238 626 239 634 238 643 239 654 242 644 246 635 247 627 247 618 247 608 247 617 242 626 243 635 241 635 241 626 242 617 241
597 245 608 241 617 238 625 240 634 238 643 239 654 243 644 247 635 248 626 249 617 249 608 248 617 242 626 243 634 242 634 243 626 244 617 243
597 246 608 241 617 239 625 240 634 239 643 240 654 243 644 248 635 250 626 250 618 250 608 249 617 244 626 245 634 243 635 243 626 244 617 244
597 245 607 241 616 238 625 240 633 238 643 239 653 243 643 248 634 249 626 249 617 249 607 249 616 243 625 244 633 243 634 243 625 244 617 243
598 245 609 241 617 239 626 240 634 238 643 240 654 243 644 248 635 249 627 250 618 250 609 249 617 243 626 244 634 243 635 243 626 244 618 244
599 245 609 241 617 239 625 240 634 238 643 239 653 243 644 248 635 250 627 251 618 251 609 249 617 244 626 245 634 243 635 244 626 245 618 244
599 246 608 241 616 239 625 240 633 238 642 240 652 243 644 250 635 253 626 254 617 253 608 251 617 244 625 245 634 243 634 246 625 247 617 246
599 245 609 241 617 238 626 240 634 238 643 239 652 243 644 249 635 253 627 254 618 254 609 252 618 243 626 244 634 242 635 245 626 247 618 247
599 244 608 240 616 237 625 239 633 236 642 237 652 241 644 247 635 250 626 251 618 251 609 250 617 242 625 242 634 241 634 244 626 246 617 245
599 242 608 237 617 234 625 236 633 234 643 235 652 239 644 246 635 249 626 250 618 250 608 248 618 240 626 241 634 239 634 241 626 243 618 242
600 240 609 235 618 233 625 235 633 232 642 233 652 237 643 244 635 247 626 248 618 248 609 246 618 238 626 238 633 237 634 239 626 241 618 240
600 238 610 234 618 232 626 233 633 231 642 232 652 235 643 241 635 244 627 245 619 245 610 243 618 236 626 236 634 235 634 237 626 240 619 239
600 236 610 232 618 230 626 232 634 229 642 230 652 233 643 239 635 242 627 243 619 243 610 241 618 234 626 235 634 233 635 235 627 237 618 236
600 233 610 230 618 227 626 229 634 226 643 228 653 231 644 237 635 239 627 241 619 241 610 239 618 231 626 232 634 231 635 233 627 234 618 234
602 231 611 227 619 225 627 226 635 224 644 225 654 229 645 234 637 237 629 238 621 238 612 236 620 229 627 230 635 228 636 230 628 232 620 231
601 228 611 224 619 222 627 224 635 222 644 223 654 226 645 232 637 235 628 235 620 235 611 234 620 226 627 227 636 226 636 228 628 230 620 229
601 226 611 222 620 220 628 221 636 219 645 220 655 224 645 230 637 232 629 233 620 233 611 232 620 224 628 225 636 223 637 226 628 227 620 227
603 224 613 219 621 217 629 219 638 217 647 218 656 223 647 228 639 231 630 232 621 232 612 230 621 222 630 223 638 221 638 224 630 225 621 225
604 223 613 219 622 217 630 218 638 216 647 218 656 222 648 227 639 229 631 230 623 230 614 228 622 221 630 222 638 221 639 223 630 224 622 224
603 221 613 217 622 215 630 216 638 215 647 216 656 220 647 226 638 228 630 228 622 228 613 227 622 219 630 220 638 219 638 222 630 223 622 222
604 220 614 217 622 214 631 216 638 214 647 215 657 220 648 227 639 229 631 230 623 230 614 227 623 219 631 220 638 219 639 222 631 223 623 222
604 220 614 217 623 214 631 216 639 214 648 215 658 220 649 226 640 229 632 230 624 229 615 227 623 219 631 219 639 218 639 221 632 223 624 222
605 219 615 215 623 213 631 215 639 213 648 215 658 219 648 226 640 228 632 229 623 228 614 226 623 217 631 218 639 217 639 220 632 221 624 221
605 219 614 214 623 212 631 214 638 212 647 214 658 219 648 225 639 227 631 228 623 227 614 224 623 216 631 217 638 216 638 220 631 220 623 219
605 217 615 213 624 210 632 212 639 210 648 212 659 217 649 223 640 225 632 226 624 225 615 223 624 214 632 215 639 214 640 218 632 219 624 218
605 215 615 210 624 208 632 209 640 207 650 209 660 215 650 221 641 223 632 224 624 224 615 221 624 213 632 213 640 213 641 215 632 216 624 215
605 213 615 208 624 205 632 207 640 205 650 207 661 212 651 219 641 221 633 222 624 222 615 219 624 210 632 211 640 210 641 213 633 214 624 213
605 212 614 207 624 204 632 206 640 204 650 206 661 212 651 217 641 220 632 220 624 220 614 218 624 209 632 210 640 209 641 212 632 213 624 212
605 211 615 207 624 205 633 206 641 205 650 207 662 211 651 215 641 216 633 217 624 216 615 215 624 209 633 210 641 209 641 210 633 211 624 210
605 208 616 205 625 203 633 204 641 203 651 205 662 209 651 212 641 213 633 214 625 213 615 212 625 206 633 207 641 207 641 207 633 208 625 207
605 207 615 203 624 201 633 203 641 201 651 203 662 207 651 211 641 212 633 212 624 212 615 211 624 205 633 206 641 205 642 206 633 207 624 206
606 207 617 203 626 200 634 201 641 200 650 202 661 206 650 211 641 213 634 214 625 213 616 212 626 205 634 206 641 205 642 205 634 207 626 206
607 208 617 202 626 199 633 201 640 199 649 201 660 206 649 212 640 213 633 214 625 214 617 213 626 204 633 205 640 204 641 205 633 207 626 206
607 207 617 202 627 199 634 201 642 199 651 201 661 206 651 211 642 213 634 214 626 214 617 213 626 204 634 205 642 204 642 205 634 206 626 206
608 207 618 201 627 199 635 200 643 198 652 201 663 206 653 212 643 214 635 214 627 214 618 213 627 203 635 204 643 203 643 206 635 207 627 206
608 207 618 202 627 199 636 200 643 199 653 201 663 206 653 212 643 214 635 214 627 214 618 213 627 204 636 205 643 204 643 206 635 206 627 206
608 208 618 202 627 199 636 201 643 199 653 202 664 208 653 213 644 214 636 214 627 214 618 213 627 204 636 205 643 204 644 206 636 207 627 206
608 207 619 204 628 202 636 203 643 202 653 204 663 208 653 212 644 212 636 213 628 213 619 212 628 206 636 207 644 206 644 206 636 207 628 207
609 208 619 205 628 203 636 205 644 203 653 204 664 208 653 212 644 212 636 213 628 213 619 211 628 207 636 208 644 207 644 207 636 208 628 207
610 209 621 206 629 204 637 206 644 204 653 206 663 209 653 214 644 215 637 215 629 215 620 214 629 208 637 209 644 208 644 209 637 210 629 210
611 210 620 207 629 204 637 206 644 204 654 206 664 211 654 215 645 217 637 218 629 218 620 216 629 209 637 209 644 208 645 211 637 212 629 211
611 211 621 207 630 205 638 206 646 204 655 207 665 211 656 217 646 219 638 219 630 219 621 217 630 209 638 210 646 209 646 212 638 213 630 212
610 213 620 208 630 205 638 207 647 204 657 207 667 213 657 217 647 219 639 219 630 219 620 217 630 211 638 212 647 211 647 211 639 212 630 212
608 212 619 207 629 204 638 206 646 205 656 208 667 214 656 217 646 218 637 219 628 218 618 217 629 211 638 212 646 211 646 211 637 212 629 211
608 213 619 208 628 206 637 207 645 206 655 209 666 214 656 217 646 217 637 218 628 217 618 216 628 211 637 212 646 211 645 210 637 211 628 210
607 215 618 210 628 207 637 209 646 207 655 210 666 216 655 219 645 220 637 220 628 220 618 218 628 212 637 213 646 212 646 212 637 213 628 212
607 216 618 211 628 208 636 210 645 209 655 212 666 217 655 221 645 221 636 221 627 221 617 219 628 213 636 214 645 214 645 214 636 214 628 213
607 216 618 211 627 209 636 211 644 210 654 212 665 218 654 221 644 222 635 222 627 221 617 219 627 214 636 215 644 215 644 215 635 215 627 214
607 217 618 212 628 210 636 212 645 211 655 213 665 219 655 223 644 225 636 225 627 224 617 222 627 215 636 217 645 216 644 217 636 218 627 216
607 220 617 215 626 213 635 215 643 213 652 215 662 220 652 225 643 227 635 227 626 227 616 224 626 218 635 219 643 218 643 218 635 220 626 218
609 221 618 217 627 215 634 216 642 215 651 217 659 222 651 227 642 230 634 231 627 230 618 227 627 219 634 220 642 219 642 222 635 223 627 222
608 224 616 219 625 216 632 218 640 216 649 218 658 223 649 230 640 233 632 234 624 233 616 230 625 221 632 222 640 221 640 225 633 226 625 225
608 225 616 220 624 218 632 219 639 218 647 220 657 225 648 233 639 235 631 236 624 235 616 232 624 222 632 223 639 222 639 227 632 228 624 227
607 225 615 221 623 219 631 221 638 219 647 221 657 226 648 233 639 236 631 237 623 236 615 233 623 223 631 224 638 223 638 227 631 229 623 228
606 226 615 222 623 219 631 221 637 219 647 221 657 226 648 233 638 236 631 237 623 236 615 233 623 223 631 224 638 223 638 228 631 229 624 228
606 225 616 222 624 219 631 221 637 219 646 221 657 225 646 233 637 236 631 237 623 236 615 233 624 223 631 224 637 223 637 228 631 229 624 228
607 225 616 222 624 219 632 221 639 219 648 221 658 226 648 233 639 236 632 236 624 236 616 233 624 222 632 224 639 223 639 227 632 228 624 227
606 225 616 221 625 219 632 221 639 219 649 221 659 225 649 232 640 235 633 236 625 235 616 232 625 222 632 223 639 222 640 227 633 228 625 227
608 225 617 221 625 219 633 221 640 219 650 221 660 225 650 231 640 234 633 234 625 234 616 231 625 222 633 223 640 223 640 226 633 228 625 227
607 225 617 221 626 218 634 220 642 218 652 220 662 225 652 231 642 234 634 235 626 234 616 232 626 222 634 223 642 222 642 226 634 227 626 227
608 225 619 221 628 219 635 221 642 219 651 221 662 225 651 231 642 233 634 234 627 233 618 231 628 223 635 224 642 223 642 226 634 227 627 226
609 225 620 221 628 219 635 221 642 219 652 222 662 225 651 232 642 234 635 235 628 234 619 231 628 223 635 224 642 223 642 226 635 227 628 226
611 225 620 222 628 219 635 221 642 219 651 221 662 225 651 231 643 233 635 234 628 233 620 231 628 223 635 224 642 222 643 225 635 227 628 226
611 225 621 221 629 219 636 221 643 219 652 222 663 226 652 232 643 234 636 234 629 234 620 232 629 222 636 224 643 223 643 226 636 227 629 226
613 226 622 222 630 219 637 221 644 219 652 222 662 225 652 232 644 234 637 234 630 234 621 232 630 222 637 223 644 222 644 225 637 227 630 226
613 227 621 222 629 219 637 221 644 219 652 222 662 227 652 233 644 235 636 235 629 235 621 233 629 223 636 224 644 223 644 226 636 227 629 226
614 228 622 223 630 220 637 222 644 220 653 223 663 228 653 235 644 238 637 239 630 238 622 235 630 224 637 225 644 224 644 228 637 230 630 229
613 229 622 224 629 221 637 223 644 221 652 225 662 231 653 238 644 241 637 241 629 240 621 237 629 225 637 227 644 226 644 231 637 232 629 230
613 230 621 225 629 222 635 224 642 223 651 226 660 231 651 238 642 241 635 241 628 240 621 237 628 226 635 227 642 227 642 231 635 232 628 231
611 232 619 227 627 224 634 226 641 225 649 228 658 234 649 241 640 243 633 243 626 242 618 239 627 229 634 230 640 229 640 233 633 234 626 232
608 234 617 229 624 226 631 228 638 227 647 231 656 236 647 244 638 246 630 247 623 245 616 242 624 230 631 232 638 231 638 236 631 237 624 235
606 235 615 231 623 227 629 229 636 228 644 232 653 237 644 246 635 249 628 250 621 249 614 244 623 232 629 233 635 233 635 239 629 239 622 239
605 236 614 231 622 228 629 230 635 229 645 233 654 238 644 247 635 251 628 251 620 250 613 245 622 232 629 234 635 233 635 240 628 241 621 240
606 236 614 232 622 228 629 230 636 229 645 232 655 237 645 248 636 252 628 252 621 251 613 247 622 233 629 234 636 233 636 241 629 242 622 241
608 237 617 232 625 228 632 230 638 229 647 233 657 238 647 249 638 253 630 254 623 253 616 248 625 233 631 234 638 234 638 242 631 243 624 242
611 235 619 230 627 228 634 229 641 228 650 232 659 237 650 247 640 251 633 251 626 250 618 245 627 232 634 233 641 233 640 240 634 241 627 240
614 235 622 229 629 227 636 229 644 227 652 231 662 236 652 243 643 247 636 248 628 247 621 243 629 231 636 232 643 231 643 237 636 238 629 237
615 235 623 231 631 228 638 230 645 228 653 232 662 236 653 244 644 247 637 247 629 246 622 243 630 232 637 233 645 233 645 236 637 238 630 236
614 236 624 233 633 231 639 232 646 231 655 233 664 236 655 241 646 243 639 244 632 243 624 241 633 234 639 235 646 234 646 236 639 237 633 236
614 236 624 233 632 231 640 233 648 231 657 233 667 236 657 241 648 242 640 243 632 242 623 240 632 235 640 236 648 235 648 235 640 236 632 235
613 236 623 233 632 231 640 233 648 232 657 233 667 237 657 241 648 242 640 243 631 242 623 240 632 235 640 236 648 235 648 235 640 236 632 235
613 237 622 234 631 233 639 234 646 233 655 234 664 237 654 243 646 246 638 247 630 246 622 243 631 236 639 237 646 236 646 237 638 239 631 238
613 236 623 233 631 231 638 233 644 231 653 234 663 237 653 246 644 249 637 250 630 249 622 245 631 234 638 235 644 234 644 239 638 241 631 240
613 236 622 232 630 229 637 231 644 230 654 233 665 237 654 245 644 248 636 249 629 248 621 245 630 234 637 235 644 234 644 239 637 240 630 239
613 234 622 230 630 228 638 230 645 229 654 232 665 235 654 244 644 248 637 248 629 247 621 243 630 232 637 233 645 233 645 238 637 239 630 238
613 234 622 230 629 227 637 229 644 228 654 231 664 235 653 244 644 246 636 247 628 246 621 242 629 231 637 233 644 232 644 237 637 238 629 237
614 234 622 229 631 226 637 228 645 227 654 231 663 236 653 244 644 247 636 247 629 246 621 242 630 231 637 233 644 232 644 237 637 238 630 236
613 233 622 229 630 226 637 228 644 227 653 230 662 234 652 243 643 246 636 246 629 245 621 241 630 231 637 232 643 231 643 236 636 237 630 236
613 232 622 229 631 226 637 228 643 227 652 230 663 233 652 241 643 244 637 244 630 243 622 240 631 230 637 231 643 231 643 235 637 236 631 235
613 232 622 227 630 225 637 226 645 225 654 228 663 233 653 241 644 244 637 245 629 244 621 241 630 229 637 230 644 230 644 235 637 236 630 235
615 231 623 226 630 223 637 225 643 224 652 227 661 232 652 241 643 245 636 246 630 245 622 241 630 228 637 229 643 228 643 235 637 236 630 235
616 232 622 226 629 222 635 224 641 223 650 227 658 234 650 242 641 245 635 246 628 245 621 241 629 228 635 229 641 228 641 234 635 235 629 234
615 231 622 225 629 220 635 222 641 221 649 226 657 233 649 241 641 244 635 244 628 243 621 240 629 227 635 227 641 227 641 233 635 234 629 233
615 230 621 223 629 219 635 221 641 220 649 224 657 231 649 239 641 242 635 243 628 242 621 238 629 225 635 225 641 225 641 231 635 232 629 231
612 228 620 223 628 219 635 221 641 220 650 223 659 229 650 237 641 240 634 240 627 240 619 236 628 224 635 225 641 224 641 230 635 231 628 230
609 225 618 221 626 219 634 221 642 219 651 221 660 226 651 231 642 233 634 233 625 233 617 230 626 224 634 225 642 224 642 225 634 226 626 225
607 223 616 219 625 218 633 220 641 217 651 219 660 224 651 229 641 231 633 232 624 231 615 228 625 223 633 224 641 223 641 223 633 225 625 224
605 223 614 219 623 216 631 218 638 216 648 218 658 223 648 230 638 232 630 233 622 232 614 230 623 221 631 222 638 221 638 223 631 224 623 224
603 222 612 218 622 215 630 216 637 215 646 217 656 222 646 230 637 233 629 234 621 234 611 231 622 220 629 221 637 220 637 224 629 225 621 224
601 224 611 219 620 216 628 217 636 216 645 218 655 223 646 231 636 234 627 235 619 235 610 233 620 221 628 221 636 221 636 226 627 227 620 226
599 225 609 220 619 217 627 218 634 216 644 219 654 224 644 232 635 235 626 236 618 235 609 233 619 222 626 222 635 221 635 226 626 227 618 227
600 225 610 220 619 218 626 219 634 218 643 220 653 225 643 231 634 233 626 234 618 234 609 232 619 222 626 223 634 222 634 226 626 227 619 226
599 226 609 222 618 219 626 221 633 219 643 221 653 225 643 231 634 233 626 234 618 234 609 232 618 224 626 224 634 223 634 226 626 227 618 227
598 227 608 223 617 220 625 221 632 220 641 222 652 226 642 233 633 235 625 236 617 236 608 234 617 224 625 225 633 224 633 228 625 229 617 228
598 229 607 225 616 221 623 223 630 221 639 224 649 228 640 234 631 237 623 238 616 238 608 236 616 226 623 226 630 225 630 229 623 231 616 231
598 231 607 226 614 223 622 224 629 222 638 225 647 229 638 236 630 239 622 240 614 240 606 238 615 227 622 228 629 227 629 230 622 232 614 232
598 233 606 228 614 224 622 226 630 224 639 226 649 230 640 237 631 240 623 241 615 241 607 239 614 229 622 230 630 228 630 231 623 233 615 232
598 234 606 229 614 226 622 227 629 225 638 227 649 231 640 237 631 240 623 241 615 241 607 240 614 230 622 230 630 229 630 232 623 233 615 233
598 235 607 231 614 228 622 229 629 227 638 228 650 231 640 237 631 241 624 242 616 242 608 241 615 232 622 232 629 231 630 233 623 235 616 234
598 236 607 231 615 228 623 229 630 227 639 229 649 232 640 239 631 242 624 244 616 244 607 242 615 232 623 233 630 231 631 234 623 236 616 236
597 236 607 232 615 229 623 230 630 228 640 229 651 232 642 239 633 242 625 244 617 244 608 242 616 233 623 234 631 232 632 234 624 236 617 236
597 237 607 233 616 229 624 230 631 227 640 229 651 232 642 240 633 245 626 246 618 247 608 245 617 234 624 234 631 232 632 236 625 238 618 238
598 238 607 233 616 229 624 230 631 227 641 229 651 233 643 242 634 246 626 248 618 248 608 246 617 234 624 234 632 232 633 237 625 239 617 239
602 238 610 233 618 229 625 230 632 228 641 229 651 233 643 241 635 245 627 247 620 247 611 245 619 234 626 234 633 232 633 236 626 238 619 238
605 238 612 233 618 230 625 231 632 229 640 230 650 233 642 240 634 243 627 244 620 244 613 243 619 234 626 234 632 232 633 235 626 237 620 237
605 238 613 233 620 230 627 231 633 229 641 230 651 233 643 239 635 242 629 243 622 243 614 242 621 233 627 234 634 232 634 234 628 236 622 236
606 236 615 233 622 230 628 231 635 229 643 229 653 231 645 238 637 240 630 241 624 242 616 241 622 233 629 233 635 231 636 233 630 235 623 235
605 235 614 231 621 228 629 230 636 227 645 228 654 230 646 237 638 240 630 241 623 241 615 240 622 232 629 232 636 231 637 232 630 234 622 234
607 233 616 229 624 226 631 227 637 225 645 226 655 228 647 235 639 239 633 240 626 240 617 239 624 230 631 230 638 228 638 231 632 233 625 233
605 231 615 227 624 224 631 225 638 223 647 224 657 226 648 234 640 237 632 238 625 239 616 238 624 228 631 228 639 227 639 230 632 231 624 231
603 229 613 224 623 221 630 222 638 220 647 222 658 225 648 234 639 237 631 239 623 239 613 237 623 226 631 226 638 225 638 229 631 231 623 231
602 227 612 222 622 219 630 220 638 218 648 219 658 223 649 233 639 237 631 239 623 239 612 237 622 224 630 224 638 223 639 229 631 230 622 230
601 223 612 218 623 215 632 216 641 214 651 215 661 219 652 229 642 234 633 236 624 236 613 234 624 220 632 220 641 219 642 226 633 228 624 228
600 221 612 215 622 212 631 213 639 211 650 212 660 216 651 227 641 232 632 233 623 234 612 231 623 217 631 217 640 216 641 223 632 225 623 225
599 219 610 214 621 211 630 212 639 210 649 211 660 215 650 225 640 229 631 230 622 231 611 229 622 216 630 216 639 215 639 220 631 222 622 222
599 221 610 214 621 211 630 211 639 209 649 211 659 216 650 225 640 229 631 231 621 231 610 230 621 216 630 216 639 215 639 221 630 222 621 223
600 223 610 215 621 211 630 212 639 209 649 211 658 216 650 225 640 230 631 232 622 233 610 231 621 218 630 218 639 216 640 220 630 223 621 223
599 224 609 216 620 211 629 212 638 210 648 211 657 217 650 227 641 232 631 234 622 235 610 234 621 218 630 217 639 216 640 224 630 227 621 227
598 227 608 218 618 214 628 215 636 212 646 213 656 218 648 227 639 232 629 234 620 235 609 234 619 221 628 221 637 219 638 222 629 225 619 225
598 229 608 220 618 216 628 217 636 214 646 215 655 221 647 229 639 234 629 236 620 237 609 236 619 223 628 222 637 221 638 224 629 227 619 227
598 232 607 224 617 220 627 220 635 218 644 219 653 224 646 232 637 237 628 239 619 240 608 239 618 226 627 226 635 224 636 228 627 231 618 231
597 237 606 228 617 224 626 225 634 222 644 222 653 228 646 236 637 241 628 243 618 244 608 243 617 230 626 230 635 228 636 232 627 235 618 235
597 240 606 232 615 228 624 228 632 226 642 227 652 232 643 239 634 242 626 244 617 245 608 245 616 234 625 234 633 232 633 234 625 236 617 237
596 241 606 234 615 230 624 231 632 228 641 229 652 233 644 240 635 244 627 246 618 247 607 246 616 236 624 235 633 234 634 236 625 238 617 238
596 243 605 237 615 233 623 234 631 231 641 231 651 235 643 243 635 248 627 250 618 250 608 249 615 238 624 238 632 236 633 240 625 242 617 242
594 246 604 240 612 236 621 236 629 234 639 234 650 238 641 245 632 249 624 251 615 252 606 251 613 241 622 241 629 239 631 242 623 244 614 244
593 249 603 243 612 240 621 241 629 238 639 238 650 241 642 247 633 251 625 253 616 253 605 253 613 245 622 245 630 243 632 244 623 247 614 247
592 249 602 245 611 242 620 243 628 240 638 240 650 242 641 248 632 251 623 252 614 253 604 252 611 246 621 247 629 245 630 245 622 247 612 247
590 250 601 246 610 243 620 244 628 241 638 240 650 242 641 248 632 251 623 253 614 253 603 253 611 247 620 247 629 245 630 245 622 247 612 247
590 251 600 247 610 244 620 245 627 242 638 241 651 242 641 250 631 253 623 255 613 255 603 255 610 248 620 249 628 246 630 246 622 249 612 249
590 251 601 247 611 243 620 244 628 241 639 241 651 242 642 250 632 255 623 257 615 258 603 256 612 248 620 248 629 246 631 248 622 250 613 250
590 252 600 248 610 244 619 245 627 242 637 241 649 243 640 252 631 257 623 259 614 260 603 259 611 249 620 249 628 247 629 249 621 252 612 252
592 253 602 248 611 244 620 245 627 242 636 242 648 244 639 252 630 256 623 258 614 259 604 259 612 249 620 248 627 246 629 249 621 252 613 252
592 251 603 246 612 243 620 243 628 240 638 240 650 242 640 249 631 252 624 254 615 255 605 255 612 247 621 247 629 245 630 246 622 249 614 249
593 247 603 243 612 240 621 240 629 237 639 237 651 239 642 245 633 248 625 250 616 251 605 251 613 244 622 244 630 242 632 242 623 244 614 244
594 243 604 238 613 235 622 236 630 233 639 233 650 235 642 241 633 245 625 247 616 248 606 247 614 239 623 240 630 238 631 238 623 240 615 240
595 240 605 235 614 232 623 233 631 230 640 230 652 232 643 239 635 242 626 244 617 245 607 244 615 237 624 237 632 235 633 235 625 238 616 238
597 238 606 233 615 230 624 231 631 228 641 227 653 229 644 237 635 242 627 244 619 244 608 243 616 235 625 235 632 232 634 234 626 237 617 237
596 237 606 232 616 228 625 228 633 225 642 225 653 229 645 236 636 241 628 243 619 243 608 243 616 232 626 232 633 230 635 233 627 235 618 236
596 237 607 231 616 227 625 228 632 225 642 225 653 228 644 236 636 239 628 241 619 242 608 242 617 232 625 231 633 229 634 232 626 234 618 234
596 237 606 231 616 227 625 227 633 224 643 225 653 228 645 235 637 240 628 242 619 243 609 242 617 232 626 231 634 229 635 232 627 234 618 235
596 238 607 232 616 228 625 228 632 226 642 226 653 229 644 236 636 241 628 243 619 244 608 243 617 232 625 232 633 230 635 233 626 235 618 236
596 239 607 233 617 229 626 230 633 227 643 227 654 230 645 238 637 242 629 244 620 245 609 244 617 234 626 234 634 232 635 234 627 236 618 237
596 239 606 234 616 231 626 232 633 229 644 229 655 231 646 239 637 244 629 246 619 247 608 246 617 236 626 236 634 233 636 236 627 238 618 238
595 241 606 236 616 233 625 234 633 231 644 230 655 232 647 241 637 246 628 248 619 248 608 247 617 238 626 238 634 235 636 238 627 240 618 240
596 242 607 238 616 235 625 236 633 233 644 233 655 234 646 243 637 248 628 250 619 250 608 249 617 240 626 240 634 238 635 240 627 243 618 242
595 244 606 239 616 237 624 238 632 235 642 235 654 236 645 244 635 248 627 250 618 251 608 250 616 241 625 241 633 239 634 242 626 244 617 244
596 244 606 239 615 236 624 236 631 233 642 234 653 236 644 244 635 249 627 251 618 252 608 250 615 240 624 240 632 238 634 241 625 244 616 244
597 245 606 240 614 236 622 236 629 233 639 234 651 236 641 244 633 248 626 250 618 251 608 250 615 240 623 240 630 238 631 241 624 244 616 244
598 243 606 237 614 233 622 234 629 231 638 232 649 235 640 244 632 248 625 250 616 251 607 249 614 238 623 238 630 236 631 239 623 242 615 242
599 242 606 236 614 232 622 233 629 230 638 231 649 235 641 242 633 246 625 248 617 248 608 247 615 236 623 236 630 234 631 237 624 239 615 239
600 240 608 234 616 230 624 231 630 228 639 229 649 233 641 241 634 244 627 246 619 247 610 246 617 234 624 234 631 232 632 235 625 238 618 238
602 239 610 232 617 228 625 229 631 226 640 228 650 232 642 239 635 243 628 245 620 246 611 244 618 232 626 232 632 231 633 234 626 236 619 236
602 238 610 231 618 227 625 228 632 225 641 227 651 230 643 238 635 242 628 244 620 244 612 243 618 231 626 231 633 229 634 233 627 235 619 235
602 237 611 231 618 226 626 227 632 224 641 226 651 229 643 237 635 241 629 242 621 243 613 242 619 230 626 230 633 228 634 232 627 235 620 235
600 237 609 231 618 226 626 227 632 225 642 226 652 229 644 239 636 244 629 246 620 246 611 244 619 231 626 231 633 229 634 235 627 237 619 237
598 236 609 232 618 229 626 230 633 227 643 227 654 228 645 236 637 240 630 241 621 242 611 241 619 234 627 234 634 232 636 233 628 235 620 235
597 237 608 232 617 230 627 230 635 227 645 227 656 229 647 234 639 238 630 240 621 240 610 240 618 234 627 234 636 232 637 232 628 234 619 234
597 238 608 233 617 230 626 231 633 228 643 228 655 230 646 236 637 240 629 242 620 243 610 242 618 235 627 235 635 233 636 233 628 236 619 236
600 242 610 237 618 233 627 234 634 231 643 230 654 232 646 240 638 244 630 246 622 247 612 246 619 237 627 237 635 235 636 236 629 239 620 239
600 244 609 240 618 236 626 236 633 233 641 233 652 235 644 242 637 246 629 248 621 249 612 248 619 240 627 240 634 237 635 238 628 241 620 241
598 243 607 239 616 236 625 237 632 234 641 234 653 236 644 242 636 246 628 248 620 248 610 247 617 241 626 241 633 239 634 239 627 241 618 241
596 244 606 240 615 237 624 237 632 234 642 234 653 236 644 243 636 247 628 249 619 249 608 248 616 241 625 242 633 239 634 239 626 242 617 242
594 245 605 240 614 237 624 238 631 235 641 234 652 236 643 242 635 246 626 248 617 249 607 248 615 242 624 242 632 240 633 240 625 242 616 243
595 246 606 242 614 238 622 239 630 236 639 236 651 237 642 245 634 248 626 250 617 251 608 250 615 242 623 242 631 240 632 242 624 245 616 245
594 247 604 242 612 239 621 239 628 237 638 237 650 239 640 246 632 250 624 252 616 253 606 252 613 243 622 243 629 241 630 244 623 246 614 246
593 247 603 243 611 240 620 240 627 238 636 238 648 239 639 248 631 251 623 253 615 254 605 253 612 244 621 244 628 242 629 245 622 247 613 247
592 248 602 244 610 240 619 241 626 238 636 238 647 240 638 246 630 250 622 251 613 252 604 252 611 244 620 244 627 242 629 243 621 246 612 246
592 248 602 244 610 240 619 241 626 238 635 238 648 240 638 246 630 249 622 251 614 252 604 252 611 245 620 244 627 242 629 243 621 245 612 246
593 247 602 242 610 239 618 240 625 237 635 237 646 239 637 246 629 250 621 251 613 252 604 251 611 243 619 243 626 241 627 243 620 245 612 245
594 246 603 241 611 237 619 238 626 235 635 236 645 238 637 245 630 250 622 252 614 253 605 252 612 242 619 242 627 239 628 242 620 245 613 245
593 243 602 237 610 233 617 234 625 231 634 232 644 235 636 242 628 247 620 249 613 249 604 249 611 238 618 238 626 235 627 238 619 241 611 241
593 239 602 234 610 230 617 231 624 228 633 229 644 231 635 238 628 242 620 244 613 245 604 244 611 234 618 234 625 232 626 235 619 237 612 237
592 237 601 232 609 229 616 230 623 227 632 227 644 229 635 235 628 238 620 240 613 241 604 241 610 232 617 232 624 230 626 232 618 234 611 234
592 235 601 231 608 227 616 228 623 225 633 225 645 227 636 233 627 236 620 238 612 239 603 239 609 231 617 231 624 229 626 229 618 232 611 232
592 235 601 230 609 226 618 227 625 224 634 224 646 226 637 232 629 235 621 236 613 237 604 238 610 229 618 229 626 227 627 228 620 230 611 230
592 233 602 229 609 226 618 226 625 223 633 223 646 225 637 230 629 232 622 234 614 235 604 236 610 228 619 228 626 226 627 226 620 229 612 229
592 234 601 229 609 226 618 226 625 223 634 223 646 225 637 230 629 233 621 234 613 235 604 236 610 228 618 228 626 226 627 227 620 229 611 229
592 234 602 230 610 226 618 227 624 224 633 224 646 225 636 231 628 234 621 236 613 237 604 237 611 230 619 229 625 227 627 228 620 230 612 231
592 234 603 230 610 226 619 227 625 224 634 224 646 225 637 232 629 235 622 237 614 238 605 238 611 229 619 229 626 227 628 228 620 231 612 231
594 234 603 230 611 227 619 227 625 225 634 225 646 226 637 233 629 237 622 239 614 240 605 239 612 230 620 230 626 228 627 230 621 232 613 232
593 235 602 231 611 227 619 228 626 224 635 225 647 226 638 234 630 239 622 240 614 241 604 240 612 231 620 231 627 228 628 231 621 234 612 234
593 235 603 232 612 228 619 228 626 225 635 226 648 227 638 235 629 239 622 241 615 241 605 241 612 232 620 232 627 230 628 232 621 234 613 234
593 236 603 232 611 228 620 229 626 226 636 226 648 228 639 236 630 240 623 242 615 242 605 242 612 232 620 232 627 230 629 233 621 235 613 235
593 236 603 231 612 228 620 229 627 226 637 226 649 227 639 236 631 241 623 242 614 243 604 242 612 232 621 232 628 230 629 233 622 236 613 236
594 236 604 232 613 228 621 229 628 226 638 226 650 228 640 236 631 240 624 242 615 243 605 242 613 233 622 233 629 230 630 233 622 236 614 236
594 236 603 232 612 228 621 229 628 226 637 226 649 228 639 237 631 241 623 242 615 243 605 242 613 232 621 232 628 230 629 234 622 236 613 236
593 236 603 232 612 228 620 229 627 226 637 226 649 228 640 236 631 240 623 241 615 242 605 242 612 233 621 233 628 230 629 233 622 236 613 236
593 236 603 232 611 228 620 229 627 227 637 227 648 228 639 236 631 240 623 242 614 242 604 241 612 233 621 233 628 230 629 233 622 236 613 236
593 236 602 232 611 229 620 229 626 226 636 227 648 228 638 236 630 240 622 242 614 243 604 242 612 233 620 233 627 231 628 234 621 236 612 236
593 236 603 232 611 228 620 229 627 226 636 226 648 228 639 236 631 239 623 241 615 242 605 241 612 233 621 233 628 230 629 233 622 235 613 235
592 236 602 232 610 228 619 229 627 226 637 226 649 228 640 235 631 239 623 241 614 241 604 241 611 232 620 232 628 230 629 233 621 235 612 235
593 236 603 232 611 229 620 229 627 226 637 226 649 228 640 235 631 238 624 240 615 241 605 241 612 232 620 232 628 230 630 232 622 234 613 235
593 236 602 232 610 228 620 229 627 226 637 226 649 228 640 234 631 238 623 239 614 240 605 240 611 232 620 232 628 230 630 231 622 234 613 234
592 236 602 232 610 228 619 229 626 226 636 225 649 227 640 234 631 238 623 239 614 240 604 240 611 232 620 232 628 230 629 231 621 234 613 234
592 235 602 231 611 228 620 229 627 225 637 225 649 227 640 234 631 237 623 239 615 240 604 240 612 232 620 232 628 230 629 231 622 234 613 234
592 235 602 231 611 227 620 227 627 224 636 224 648 227 639 234 631 238 623 240 614 241 604 240 611 231 620 231 628 229 629 232 621 234 613 234
592 235 601 230 610 226 618 227 624 225 633 225 645 227 635 235 627 239 620 241 613 242 603 241 611 230 618 230 625 228 626 232 619 235 612 235
591 235 601 230 609 226 618 226 624 224 633 224 645 226 636 235 628 239 621 241 613 242 603 241 610 230 618 229 625 227 626 231 619 234 611 234
591 235 600 229 609 225 617 226 625 223 635 223 646 226 638 233 630 238 621 240 613 241 603 240 610 229 618 229 626 227 628 230 620 233 612 233
590 235 600 229 609 226 617 226 625 223 635 223 646 226 638 234 630 238 621 240 612 241 602 240 609 230 618 230 626 227 628 231 619 233 611 233
589 236 599 230 608 227 617 227 625 224 635 225 646 227 638 235 629 240 620 242 612 243 601 242 609 231 617 231 626 229 627 232 619 234 610 235
589 238 599 233 608 229 616 230 624 227 634 227 645 229 637 237 628 241 620 243 612 244 601 244 609 233 617 233 625 231 627 234 618 236 610 236
588 241 598 235 607 231 615 231 623 228 633 228 644 231 636 238 628 243 619 245 611 246 601 246 608 235 616 235 624 232 626 235 618 238 609 238
587 243 597 236 606 233 614 233 622 230 632 230 643 233 635 240 627 245 618 247 610 248 599 247 606 237 615 237 623 235 625 237 616 240 608 240
587 245 596 239 605 235 613 235 621 232 631 232 642 234 634 242 626 247 617 249 609 250 599 250 606 239 614 238 622 236 624 239 615 242 607 243
585 246 595 241 604 237 612 237 621 234 631 234 642 236 634 244 625 249 616 251 608 252 597 252 605 241 613 241 622 238 623 242 615 244 606 245
586 248 595 243 604 239 612 239 620 236 630 237 640 239 632 247 624 252 615 254 607 255 597 254 604 244 613 243 621 241 622 244 614 247 605 247
587 250 596 245 603 241 610 242 618 239 627 239 637 241 629 248 622 252 614 254 607 255 598 254 604 245 611 245 618 243 620 245 612 248 605 248
587 252 596 247 603 243 611 244 618 240 627 241 638 243 630 249 622 253 614 255 606 256 598 256 604 247 612 247 619 244 620 246 612 248 605 249
588 253 596 248 604 245 611 245 618 242 627 243 638 245 630 251 622 254 614 256 607 257 598 257 604 248 611 248 619 246 620 247 613 250 606 250
588 254 597 249 604 246 611 246 618 243 628 244 639 246 631 252 623 255 615 257 608 258 599 258 605 249 612 249 619 247 621 248 613 250 606 251
587 255 596 251 603 247 611 247 617 244 627 245 639 247 630 253 622 257 615 259 607 260 599 259 604 250 612 250 619 248 620 250 613 252 606 252
587 255 596 250 603 246 611 247 618 244 628 244 639 247 631 255 623 259 615 261 607 262 598 261 604 250 612 250 619 248 621 251 613 254 605 254
587 255 595 249 603 245 611 245 619 243 628 244 639 246 631 255 622 260 614 262 606 263 597 261 604 249 612 249 620 247 621 251 613 254 605 254
587 252 595 247 602 242 610 243 617 240 627 241 637 243 630 252 621 257 613 259 606 260 597 258 603 246 611 246 618 244 620 249 612 251 604 252
586 250 595 244 603 239 611 240 618 238 627 239 637 241 630 251 621 256 613 258 605 259 596 257 604 244 611 244 619 241 620 246 612 249 604 250
585 248 594 242 602 238 610 238 617 235 626 236 637 239 629 247 621 252 613 254 606 255 597 254 603 242 610 242 618 239 619 244 612 247 604 247
585 246 594 240 602 236 610 237 617 234 627 235 638 237 629 245 621 250 613 252 605 253 596 252 603 240 610 240 618 238 619 242 611 245 604 245
584 244 594 239 602 235 610 236 617 233 628 233 639 235 630 243 622 247 614 249 606 250 596 249 603 240 611 240 618 237 620 240 612 243 604 243
584 243 594 238 603 235 611 235 619 232 628 233 639 235 631 243 623 248 615 250 606 251 596 249 603 239 612 239 620 237 621 240 613 243 605 243
585 243 595 239 604 235 612 235 619 233 629 233 640 235 632 243 623 248 615 250 607 251 597 250 605 239 612 239 620 237 622 240 614 242 606 243
586 245 596 239 605 236 613 236 620 233 630 234 641 236 633 244 624 249 616 251 608 252 598 251 605 240 613 240 621 238 622 241 614 244 606 244
587 246 596 241 605 237 613 238 620 235 630 235 641 237 633 246 624 252 616 254 608 255 598 253 605 242 613 241 621 239 623 243 615 246 606 246
588 248 597 242 605 238 613 239 621 236 631 236 641 239 633 248 625 253 616 255 608 256 599 255 606 242 614 242 622 239 623 244 615 247 607 248
589 250 597 244 605 240 613 241 621 238 630 239 641 241 633 251 624 256 616 258 607 259 599 257 606 244 614 244 622 242 623 247 614 249 606 249
589 251 597 245 605 240 613 241 620 239 629 240 640 242 632 252 624 257 616 259 607 259 599 257 606 245 613 245 621 243 622 247 614 250 606 250
589 250 597 245 605 241 613 242 620 239 629 240 640 242 632 252 624 257 616 259 608 260 599 258 606 245 613 245 621 243 622 247 614 250 607 250
589 249 597 244 605 239 613 240 620 238 629 239 639 241 631 251 623 257 615 259 607 259 598 257 605 244 613 244 621 241 621 248 613 250 606 250
588 247 596 242 604 238 612 239 619 236 629 237 639 240 632 249 623 255 615 257 607 257 598 255 605 242 613 242 620 240 621 246 614 249 606 249
588 245 597 240 605 236 612 237 620 234 629 235 639 238 632 248 623 253 615 255 607 256 598 253 605 240 613 240 621 238 622 245 614 247 606 247
588 244 597 238 605 234 613 235 620 232 630 233 641 236 633 246 625 251 617 253 608 254 599 251 606 238 614 238 621 236 623 242 615 244 607 245
588 242 597 237 605 233 613 234 621 231 631 232 642 235 634 244 625 250 617 252 609 252 599 250 606 237 614 237 622 235 623 241 615 244 607 244
589 240 598 235 606 232 614 233 622 230 631 230 643 233 635 241 626 245 618 247 610 248 601 247 607 236 615 236 623 234 624 238 616 240 609 240
589 239 598 234 606 231 615 231 622 228 632 229 644 231 635 238 627 242 619 244 610 245 601 244 607 234 615 234 623 232 625 235 617 238 609 238
590 238 599 233 608 230 616 230 623 227 633 228 644 230 636 238 627 242 619 244 611 245 602 243 608 234 616 234 624 231 626 235 618 237 610 237
589 237 599 232 608 229 616 230 624 227 634 227 645 230 637 238 629 242 620 244 612 245 601 243 609 233 617 233 625 231 627 235 618 238 610 238
590 237 599 232 608 229 616 230 624 227 634 227 645 229 637 237 629 241 620 243 612 244 602 242 609 233 617 233 625 231 627 234 618 237 610 237
591 236 600 231 609 228 617 229 625 227 635 227 646 229 638 238 629 242 620 244 612 244 602 242 610 232 618 232 626 230 627 234 619 236 611 236
590 235 600 231 609 228 618 229 626 226 636 226 647 228 639 235 630 239 621 241 613 242 603 241 610 232 619 233 627 230 629 233 620 235 611 235
590 234 600 230 609 227 618 228 626 225 636 225 648 227 639 235 630 239 621 241 613 242 602 240 610 231 619 232 627 229 629 232 620 234 611 234
590 234 600 229 608 226 617 227 624 225 634 225 646 228 637 235 628 239 620 241 612 241 602 239 609 231 618 231 625 229 627 232 619 234 610 234
591 233 600 228 609 225 617 226 624 223 634 223 644 226 637 234 628 238 621 240 612 240 602 239 610 229 618 229 626 227 627 231 619 233 611 233
594 231 602 227 609 223 616 224 623 221 631 222 641 224 633 232 625 235 619 236 611 237 603 236 610 227 617 227 623 225 624 227 618 229 610 229
594 230 602 225 608 221 616 222 623 220 631 220 642 223 634 229 626 232 619 234 612 234 604 233 609 225 617 225 624 223 625 224 618 226 610 226
594 229 602 224 609 221 617 222 623 219 631 220 641 222 633 228 626 231 620 233 612 234 604 233 610 224 617 224 624 222 625 224 618 226 611 226
595 229 603 225 610 221 618 222 624 219 632 220 643 222 635 230 627 234 621 235 613 236 605 235 611 225 618 225 624 223 626 226 619 228 612 228
595 230 603 226 611 222 619 222 625 220 634 221 645 223 637 232 629 236 622 238 614 238 605 236 612 226 619 226 626 224 627 228 621 230 613 230
596 230 605 226 613 222 620 223 627 221 636 222 646 224 638 233 630 238 623 239 615 239 606 237 613 227 621 227 628 225 628 229 622 231 614 231
596 231 605 227 613 224 621 224 627 222 636 223 647 225 638 233 630 237 624 238 616 239 607 237 614 228 621 228 628 226 629 229 622 231 615 231
596 232 605 228 613 225 621 226 628 224 637 224 648 226 639 232 631 235 624 237 616 237 607 237 613 229 621 229 629 227 630 229 622 231 614 231
596 233 605 229 614 226 622 227 629 224 638 225 649 227 640 232 632 235 624 236 616 237 607 236 614 230 622 230 630 228 631 229 623 231 615 231
596 233 606 229 615 226 623 227 631 224 640 225 651 228 643 233 634 236 626 237 618 237 608 237 615 230 624 230 632 229 633 229 625 230 616 230
596 234 606 230 615 227 624 228 631 225 640 226 651 228 643 233 634 236 626 238 617 238 607 237 616 231 624 231 632 229 633 229 625 231 616 231
597 234 607 230 616 228 624 229 632 226 641 226 652 228 644 234 635 237 627 238 618 239 608 238 616 232 625 232 633 230 634 230 626 232 617 232
597 235 608 231 616 228 625 229 633 226 642 226 653 229 645 234 636 237 628 239 619 239 609 239 617 232 626 233 634 231 635 230 627 232 618 232
598 236 609 231 618 228 626 229 634 227 644 228 655 230 646 236 637 239 629 241 620 241 610 240 618 233 627 234 635 232 636 232 628 234 619 233
597 237 608 232 617 228 626 229 634 227 644 228 655 230 646 237 637 241 628 243 619 243 609 241 618 234 627 234 635 232 636 233 627 235 618 235
599 237 609 232 618 229 627 230 635 228 644 228 655 231 647 238 638 241 629 243 620 243 610 242 618 235 627 235 636 233 636 233 628 235 619 235
599 237 610 233 619 229 628 230 636 228 646 228 657 231 648 238 639 242 630 244 622 244 611 242 620 235 628 236 637 234 638 234 629 236 620 236
599 238 610 233 619 230 628 230 636 228 646 229 657 232 649 239 639 243 631 244 622 245 611 243 620 235 628 235 637 233 638 235 629 237 621 236
598 238 609 233 618 230 627 231 635 228 646 229 657 232 648 240 639 244 630 246 621 246 610 244 619 234 628 235 636 233 637 237 629 239 620 238
598 238 608 233 618 230 627 231 635 229 646 229 657 232 648 240 639 244 630 246 621 246 610 244 619 235 628 235 636 233 637 237 629 239 620 239
598 239 608 233 618 229 627 230 635 228 645 229 655 233 647 241 638 245 629 246 620 246 610 244 619 235 627 235 636 233 637 237 628 239 619 239
599 239 608 234 618 231 627 232 635 230 645 230 655 233 647 241 638 245 629 247 620 247 610 245 619 236 628 237 636 235 637 237 628 240 619 239
599 239 609 234 618 231 626 233 634 230 644 230 654 233 646 241 638 245 629 246 620 247 610 245 618 236 627 237 635 235 636 237 628 239 619 239
599 239 609 235 617 233 626 234 634 231 643 231 654 233 646 240 637 244 629 245 620 246 610 244 618 236 627 237 635 235 636 236 628 238 619 238
599 239 609 235 617 232 626 233 634 230 643 230 654 233 646 239 638 243 629 245 620 245 610 244 618 236 627 236 635 234 636 236 628 238 619 238
599 239 609 234 618 232 626 233 634 230 643 230 654 233 646 239 638 242 629 243 621 244 611 243 618 236 627 236 635 234 636 235 628 237 620 237
600 239 609 235 617 232 626 233 634 230 643 230 653 233 645 239 637 242 629 243 621 244 611 243 618 236 627 236 635 234 636 235 628 237 619 237
600 238 609 235 617 232 626 233 633 230 642 230 653 232 645 238 637 242 629 243 620 244 611 243 618 236 626 236 634 234 635 235 628 237 619 237
599 239 608 235 617 232 625 233 633 230 642 230 653 233 644 239 636 242 628 243 620 244 610 243 617 236 626 236 634 234 635 235 627 237 618 237
599 239 608 235 617 232 626 233 633 230 642 230 653 233 645 239 636 243 629 244 620 245 610 244 618 236 626 236 634 234 635 236 627 238 619 238
599 238 609 235 617 232 625 233 633 231 642 231 653 232 645 239 636 242 628 243 620 244 610 243 618 236 626 236 634 234 635 235 627 237 619 237
599 239 608 235 617 232 625 233 633 230 643 230 653 233 645 239 637 243 628 244 620 245 610 243 617 236 626 236 634 234 635 236 627 238 619 237
600 239 609 235 617 232 626 233 633 231 642 231 653 233 645 240 637 243 629 245 620 245 610 243 618 236 626 236 634 234 635 236 627 238 619 238
600 239 609 235 618 232 626 233 634 231 643 230 653 233 646 239 637 242 629 244 621 244 611 243 618 236 627 236 635 234 636 236 628 238 619 237
600 238 609 235 617 232 626 234 633 231 643 231 653 233 645 239 637 242 629 244 620 244 611 243 618 236 626 236 634 234 635 235 627 237 619 237
600 238 609 235 617 232 625 234 633 231 642 231 653 233 645 240 636 243 628 245 620 245 610 244 618 236 626 236 634 234 635 236 627 238 619 238
600 239 609 235 618 232 626 233 634 230 643 231 653 233 646 240 637 243 629 244 620 245 611 243 618 236 627 236 635 234 636 236 628 238 619 237
600 239 609 235 617 233 626 234 633 231 643 231 654 233 645 239 637 242 629 244 620 244 611 243 618 236 626 236 634 234 635 235 627 237 619 237
600 239 610 235 618 232 626 233 634 231 643 231 653 233 645 239 637 243 629 244 621 245 611 243 619 236 627 236 635 234 635 235 628 237 620 237
599 240 609 236 617 233 625 235 633 232 642 232 653 233 644 239 636 242 628 244 620 244 610 243 618 236 626 237 634 235 635 236 627 238 618 238
600 240 610 236 618 234 626 235 633 232 642 232 653 233 644 239 636 242 629 243 621 244 611 243 618 236 626 237 634 235 635 236 627 238 619 238
599 239 609 236 617 234 626 235 633 232 642 232 653 233 645 239 636 241 629 243 621 243 611 243 618 237 626 237 634 235 635 235 627 238 619 237
598 240 608 236 616 234 624 235 632 232 641 232 652 233 643 239 635 242 627 243 619 244 609 243 617 237 625 237 633 235 634 236 626 238 618 238
599 239 608 236 617 233 625 235 632 232 642 232 653 233 644 239 635 242 627 244 619 244 610 244 617 237 625 237 633 235 634 236 626 238 618 238
599 239 609 235 617 233 625 234 632 232 642 232 653 234 644 240 635 243 627 244 619 244 610 244 617 236 625 237 633 235 634 237 626 239 618 238
599 239 608 235 617 233 625 234 632 231 642 231 653 233 644 240 636 243 628 245 620 245 610 244 617 237 626 237 633 235 634 237 627 239 618 239
598 240 607 235 616 232 624 233 631 231 641 231 652 234 643 241 634 244 627 246 618 246 609 245 617 237 625 237 632 235 633 237 626 239 617 239
598 239 608 235 617 232 625 233 632 230 641 231 652 233 643 240 635 244 627 245 619 246 609 244 617 236 626 237 633 235 634 237 626 239 618 239
597 238 607 234 615 232 623 233 631 230 640 231 652 234 642 242 634 245 626 246 617 246 608 245 616 235 624 236 632 234 633 238 625 239 617 239
596 238 606 233 615 230 624 231 632 229 641 230 652 233 643 241 634 246 626 247 617 247 607 245 616 234 624 235 632 233 633 237 625 239 616 239
595 237 605 233 613 231 622 232 630 230 639 231 651 233 641 241 632 244 624 245 615 245 606 243 614 235 623 236 631 234 631 236 623 238 615 237
594 237 603 233 612 231 621 232 630 230 640 230 652 234 642 241 632 245 623 246 614 245 605 243 612 235 622 236 631 234 631 237 623 238 613 238
594 238 604 234 612 232 621 234 629 231 639 232 651 235 641 243 632 246 623 247 614 247 604 245 612 237 621 238 630 236 631 238 622 240 613 239
593 240 603 236 612 235 621 236 629 234 639 234 651 238 641 245 631 248 622 249 613 249 604 247 612 239 621 240 630 238 630 241 622 243 613 242
593 241 602 237 611 236 620 238 629 235 640 237 651 240 641 248 631 251 621 252 612 251 602 248 612 241 621 242 630 240 630 243 621 244 612 243
593 242 603 239 611 237 621 239 629 237 639 238 650 241 640 249 630 252 621 252 612 252 603 249 611 242 621 243 630 242 630 244 621 246 612 244
594 244 603 241 611 239 620 241 628 239 638 240 649 244 639 251 629 254 621 255 612 254 603 251 611 244 620 245 629 243 629 246 620 248 612 247
596 248 605 245 612 243 620 244 627 242 636 244 647 247 637 253 628 256 620 256 613 256 605 254 613 246 620 247 628 246 628 248 620 249 613 248
596 250 605 247 612 245 619 246 626 244 635 246 646 249 636 255 627 257 620 258 613 257 605 255 612 248 619 249 626 247 627 249 620 251 613 250
596 251 605 248 612 246 619 248 626 245 635 248 646 251 636 258 627 260 620 260 612 260 605 258 612 250 619 251 627 250 627 251 620 252 613 251
596 255 604 251 612 249 619 251 627 249 636 251 646 254 636 261 627 264 619 265 612 264 604 262 612 252 619 253 627 252 627 255 619 256 612 256
596 257 604 253 612 251 619 252 627 250 636 253 646 256 636 264 627 267 619 268 612 268 604 265 612 254 619 255 627 254 627 258 619 260 612 259
595 258 604 255 612 252 619 254 626 252 635 254 646 257 636 266 627 270 619 270 612 270 604 266 612 256 619 257 626 256 627 260 619 262 612 261
593 258 603 255 611 253 619 255 627 253 637 254 648 257 638 266 628 270 620 271 612 270 603 266 611 257 619 259 627 257 628 261 620 263 612 261
592 257 601 254 610 252 618 254 626 252 637 253 647 257 638 267 627 272 619 273 610 272 601 267 610 256 618 257 626 256 627 263 619 264 611 263
592 257 601 254 610 252 618 254 626 252 636 253 646 257 637 268 627 273 619 274 610 273 601 268 610 256 618 257 626 256 627 263 619 265 611 263
592 256 602 252 610 250 618 252 626 250 637 251 647 255 638 264 627 268 619 269 610 268 602 264 610 254 618 255 626 254 627 260 619 261 610 260
591 253 601 249 610 248 617 250 626 248 635 249 646 252 636 259 627 262 618 262 610 262 601 259 610 252 618 253 626 252 626 255 618 256 610 255
591 250 600 246 609 245 617 247 626 245 636 246 648 249 637 256 628 259 619 259 610 258 601 256 609 249 618 250 627 249 627 251 618 253 610 252
592 248 602 244 610 243 618 244 626 242 636 243 647 247 637 254 628 257 619 258 611 257 602 254 610 247 618 248 627 246 627 250 619 251 611 250
593 246 602 242 610 241 618 243 627 240 637 241 647 245 638 252 628 255 619 255 610 255 602 253 610 245 618 246 627 245 628 247 619 249 610 248
592 244 602 241 610 239 618 241 626 239 637 240 648 243 637 250 627 252 619 253 610 252 602 250 610 243 618 244 627 243 627 245 619 246 610 245
592 242 602 239 609 237 618 239 626 237 636 238 648 241 637 247 627 249 618 250 610 249 602 247 609 241 618 242 626 241 627 243 618 244 610 243
593 240 602 236 610 234 619 236 626 234 636 235 648 239 637 244 628 246 620 247 611 247 603 245 611 238 619 239 627 237 627 239 619 241 611 241
593 238 602 234 610 233 618 234 626 232 636 233 648 236 637 242 628 244 620 245 611 245 603 243 610 236 619 237 627 236 627 238 619 239 611 239
593 236 603 232 611 230 619 232 627 230 636 231 648 234 637 240 628 242 620 243 612 242 603 241 611 234 619 235 627 233 627 235 619 237 611 236
594 234 604 230 612 228 620 229 629 227 638 228 650 232 639 237 629 239 621 240 613 240 604 239 612 232 621 233 629 231 629 233 621 234 612 234
596 232 606 229 614 227 622 228 630 226 640 227 652 231 641 236 632 237 623 238 615 237 607 237 614 230 622 231 631 230 631 231 623 232 615 231
596 231 607 227 615 225 623 226 632 224 641 226 653 230 642 234 632 234 624 235 615 235 607 234 615 229 623 229 632 228 632 228 623 229 615 229
598 229 609 225 617 223 625 224 634 223 644 224 655 229 644 231 634 232 626 232 617 232 608 232 617 227 625 228 634 226 634 226 626 227 617 226
600 227 611 222 619 220 628 222 638 220 647 222 658 227 648 229 638 228 628 229 620 229 611 229 619 224 628 225 638 223 638 223 628 224 619 223
602 225 613 220 622 218 630 219 640 218 649 220 660 225 649 226 640 226 630 227 621 226 613 226 621 221 630 222 640 221 640 221 630 222 621 221
602 223 613 218 622 216 631 218 640 216 650 218 661 223 650 226 640 227 631 227 622 227 612 226 622 220 631 221 640 220 640 220 631 221 622 220
604 222 615 217 624 215 633 217 642 215 652 217 663 222 652 224 642 225 633 225 624 225 615 224 624 219 633 220 642 219 642 218 633 219 624 219
605 220 615 216 624 214 633 216 641 214 651 216 662 220 651 225 642 226 633 226 624 226 615 224 624 218 633 219 642 218 642 218 633 219 624 218
607 219 618 215 627 213 635 214 642 213 652 215 662 219 652 225 642 227 634 227 626 227 617 224 626 217 634 218 642 217 642 218 634 220 626 219
609 217 619 213 627 210 635 212 642 210 652 213 661 218 651 225 642 228 634 228 626 227 618 224 627 215 635 216 642 215 642 219 634 220 627 219
611 216 620 211 628 208 635 209 643 208 651 212 660 217 651 224 642 226 634 227 627 226 619 223 628 213 635 214 643 213 642 217 635 218 628 217
612 214 620 209 628 207 635 208 643 207 651 211 660 217 650 222 642 224 634 224 627 223 619 220 628 212 635 213 642 212 642 215 635 216 628 215
612 213 621 208 629 206 636 208 643 207 652 210 661 216 652 221 643 223 635 223 628 222 620 219 628 212 635 212 643 212 643 214 635 215 628 214
612 214 621 209 630 206 636 208 643 207 652 211 662 217 652 223 642 225 635 225 628 224 620 222 629 212 636 213 643 213 643 216 636 216 629 215
610 213 621 210 630 208 637 210 646 209 655 212 664 217 654 222 644 224 636 224 628 223 619 221 629 214 637 215 645 215 645 215 637 216 629 215
609 213 620 209 630 208 637 211 646 209 655 212 664 218 654 222 645 223 636 223 628 222 618 219 629 214 637 215 646 215 645 215 637 215 629 214
610 214 621 211 630 209 637 211 645 210 654 213 663 218 653 224 643 225 635 225 628 224 619 221 629 215 636 216 644 216 644 217 636 217 629 216
610 215 619 211 629 209 636 211 644 210 653 213 663 219 652 225 642 226 634 227 626 226 617 223 628 214 636 216 643 216 643 219 635 219 627 218
609 216 619 211 629 209 637 212 645 210 655 214 664 220 653 227 643 229 634 230 626 228 617 225 628 216 636 217 644 217 644 220 635 220 627 219
609 218 620 213 630 211 637 214 646 213 656 216 664 223 654 230 644 232 635 232 626 231 617 227 629 218 637 219 645 219 644 222 636 223 628 221
609 220 620 216 630 214 637 217 645 216 654 219 663 225 652 231 642 233 634 233 626 232 617 229 629 220 636 221 644 221 643 224 635 225 628 223
610 223 620 219 629 218 637 220 645 219 653 222 662 228 651 234 642 236 634 236 626 235 617 232 629 223 636 224 644 224 643 227 635 228 627 227
610 225 620 222 629 220 637 222 645 221 654 224 663 231 652 237 642 238 634 238 626 237 618 235 629 225 636 227 644 227 643 229 635 230 628 228
610 227 620 224 629 223 637 226 646 224 655 227 664 233 653 239 644 240 635 240 627 239 618 236 629 228 637 229 645 229 645 231 636 232 628 231
610 228 620 226 630 225 637 227 645 226 654 229 664 235 652 241 643 241 634 241 627 240 618 237 629 229 636 231 645 231 644 233 636 234 628 232
610 230 621 228 630 227 637 229 646 228 655 231 665 237 653 241 643 242 635 241 627 240 619 237 629 231 637 233 645 233 644 235 636 235 628 233
610 231 621 229 630 229 637 231 646 230 655 233 665 238 653 242 644 243 636 243 628 242 619 238 629 233 637 235 645 235 645 236 637 236 629 234
610 231 621 230 630 230 637 233 645 232 655 234 665 239 653 244 643 244 635 244 628 243 619 239 629 234 637 236 645 236 645 238 636 238 629 236
608 233 619 232 628 232 636 234 644 233 654 236 664 241 652 245 642 245 634 245 626 244 618 240 628 236 635 237 644 237 643 239 635 239 628 237
608 234 619 232 628 232 636 235 645 234 654 237 664 242 653 247 643 248 634 248 626 246 617 242 627 236 635 239 644 238 644 241 635 241 627 238
607 236 618 233 627 233 635 236 644 234 653 237 662 242 652 248 642 249 633 249 625 247 616 243 626 238 635 239 643 239 643 241 634 241 626 239
606 237 617 234 626 233 634 236 643 235 652 238 662 243 651 248 641 249 632 249 624 248 615 244 625 238 634 240 642 240 642 242 633 242 625 240
604 237 615 235 625 234 633 237 641 235 651 238 661 243 650 248 640 249 631 249 623 248 614 244 624 239 632 241 641 240 641 242 632 243 624 241
604 238 614 236 624 236 632 239 641 237 650 240 660 245 649 250 639 252 631 252 622 251 613 246 623 241 632 242 640 242 640 244 632 245 623 243
602 240 613 238 623 238 632 241 640 239 650 241 660 247 649 252 639 254 630 253 621 252 611 248 622 242 631 245 640 244 640 246 631 246 622 244
601 242 612 241 622 241 631 243 640 242 651 244 661 249 650 255 639 257 629 257 620 255 610 251 621 245 631 247 640 246 640 249 631 250 621 248
601 244 612 243 622 243 631 246 640 244 650 246 661 250 650 256 639 258 630 258 620 257 610 253 621 248 630 250 640 249 640 251 631 251 621 249
602 248 613 246 623 246 632 249 641 247 652 249 662 253 651 260 640 262 631 262 621 260 611 256 623 250 632 253 641 252 641 254 632 255 622 253
602 250 613 248 624 249 632 251 641 250 652 252 662 255 651 262 640 264 631 264 622 263 612 258 623 253 632 255 641 254 641 257 632 258 623 255
601 252 612 250 623 250 631 253 640 252 650 253 660 257 649 264 639 266 630 266 620 265 611 260 622 255 631 257 640 256 640 258 631 259 622 257
600 251 612 250 621 251 630 253 639 252 649 253 659 257 648 264 638 266 628 266 619 265 610 260 621 255 630 257 639 256 638 259 629 259 620 257
599 250 610 248 620 248 629 251 638 249 649 251 659 256 648 263 638 266 628 266 619 264 609 260 620 253 629 255 638 255 638 258 629 258 620 256
598 248 610 246 620 246 629 249 638 247 649 249 659 253 648 261 637 264 628 264 618 262 608 258 619 251 628 253 638 252 638 255 629 256 619 254
600 245 611 243 621 243 630 245 638 244 649 245 658 250 648 257 638 260 628 260 619 259 609 254 620 247 629 249 638 248 638 252 629 253 620 251
602 243 613 240 622 240 631 242 640 240 650 242 661 247 650 254 640 256 630 256 621 255 611 252 622 245 631 246 640 245 640 249 631 249 622 247
604 242 615 239 625 238 633 240 642 238 652 240 661 245 651 252 641 254 632 254 623 253 614 250 624 243 633 245 642 244 642 246 633 247 624 245
606 240 616 237 626 236 635 238 644 237 653 239 663 243 653 250 643 252 633 252 624 251 615 248 625 241 634 242 643 242 643 245 634 245 625 244
608 239 618 235 628 234 637 237 646 235 655 237 665 241 655 249 645 251 636 252 627 251 617 247 628 240 637 241 646 240 646 243 637 244 628 243
611 237 621 233 631 232 639 235 647 233 657 235 667 239 657 245 647 246 638 247 630 246 620 243 630 237 638 238 647 237 647 239 639 240 630 239
612 234 623 232 631 231 640 233 649 231 658 233 668 237 658 240 648 241 640 241 631 240 622 238 631 234 640 236 649 235 649 235 640 236 631 235
613 232 623 229 632 228 641 230 650 228 660 231 670 235 659 239 649 239 640 239 631 238 622 236 632 232 641 233 650 232 650 233 640 233 632 232
615 230 625 227 634 227 642 229 651 227 660 230 670 234 660 237 651 237 642 237 633 236 624 234 634 230 642 232 651 231 651 231 642 232 634 231
616 229 627 227 636 227 644 229 653 228 661 230 671 234 660 237 651 238 642 238 634 237 625 235 635 230 643 232 652 231 652 232 643 232 635 231
618 229 628 227 638 226 646 229 654 227 663 229 672 234 662 239 653 240 645 240 636 239 627 235 637 230 646 232 654 231 654 233 645 234 637 232
619 228 630 227 640 226 648 228 656 227 665 230 674 234 664 240 654 242 646 242 638 240 628 236 639 230 647 232 656 231 655 233 647 234 639 232
619 228 630 226 640 226 648 228 657 227 666 230 675 235 664 240 654 242 646 242 637 240 628 236 639 230 648 232 656 231 656 234 647 234 638 232
619 228 631 226 642 226 650 228 658 227 667 231 677 236 666 242 656 243 647 243 639 241 629 236 641 230 649 232 658 232 657 235 649 235 640 233
621 229 632 227 642 227 650 230 659 229 668 232 677 237 666 243 656 245 648 244 639 242 630 237 641 231 650 233 658 233 658 236 649 236 641 234
621 230 632 229 643 229 650 232 659 231 668 234 677 239 666 244 656 245 648 244 639 243 630 238 642 233 650 235 658 235 658 237 649 237 641 235
623 234 634 232 644 232 652 234 660 233 668 237 678 242 666 247 657 248 649 248 641 246 632 242 643 235 651 237 659 237 659 240 650 241 642 239
626 237 635 235 644 234 652 237 660 236 668 239 677 244 666 250 657 251 649 251 641 249 633 245 643 238 651 240 659 240 658 242 650 243 642 241
626 240 636 238 644 236 651 239 659 238 667 241 676 246 666 251 657 253 649 253 641 251 634 247 643 240 651 241 658 241 658 245 650 245 643 244
625 243 635 240 644 239 651 242 658 241 666 244 675 248 665 254 656 256 648 256 641 254 633 250 643 243 650 245 658 244 657 247 650 247 642 246
624 245 634 242 642 241 650 244 657 243 666 246 674 250 664 256 655 258 647 258 640 256 632 252 642 245 649 247 657 246 656 249 649 250 641 248
622 246 632 244 640 242 648 245 655 244 664 247 673 251 662 258 653 259 646 259 638 258 630 254 639 246 647 248 655 247 654 250 647 251 639 249
621 247 630 244 639 243 646 245 653 244 661 247 670 252 660 258 651 260 644 261 637 259 628 255 638 246 645 248 652 248 652 251 645 251 638 250
621 247 629 244 637 242 643 245 650 244 658 247 666 251 657 258 649 260 641 260 635 259 627 255 636 246 642 248 649 247 649 250 642 251 636 250
617 245 626 242 633 240 640 242 647 241 655 244 664 248 654 256 646 258 638 258 632 257 624 253 633 244 639 245 647 245 647 248 639 249 633 247
614 242 623 239 631 237 638 239 646 238 654 241 664 245 654 252 645 254 637 255 629 254 622 250 631 241 638 243 645 242 645 245 638 246 630 244
613 238 624 236 631 235 639 237 646 235 655 238 665 241 655 248 646 250 638 250 630 249 622 246 631 239 638 240 646 239 646 242 638 243 631 241
