741 321 750 310 760 304 769 305 778 301 792 304 804 312 795 325 783 333 773 336 764 336 752 333 761 314 770 313 779 311 780 317 771 320 762 320
741 322 750 311 761 304 769 305 777 301 791 304 804 312 794 325 782 333 773 336 764 336 753 333 761 314 770 313 778 311 780 317 771 319 763 320
739 320 750 312 760 306 768 307 776 304 790 305 804 309 793 318 781 324 773 326 764 327 753 326 761 315 769 314 778 312 779 313 771 315 763 315
736 319 748 311 759 304 767 306 775 302 789 304 804 307 792 316 781 321 772 323 763 325 751 324 760 314 768 313 777 311 778 310 770 312 762 313
735 319 747 312 759 305 767 307 775 303 789 304 804 307 792 316 780 322 772 324 763 325 750 324 760 315 768 315 777 312 778 311 769 313 761 314
735 322 747 315 759 310 768 311 775 307 789 308 804 310 792 320 780 326 772 329 763 329 750 328 760 318 769 317 777 315 778 317 770 319 762 320
735 325 746 316 758 309 767 310 775 307 789 309 804 313 792 326 780 332 771 335 761 336 749 334 759 319 768 318 776 316 777 319 769 322 760 323
733 326 745 315 758 308 768 309 777 305 791 307 805 314 794 326 782 333 772 336 761 337 747 335 759 319 769 318 778 315 780 319 770 322 760 323
733 325 745 315 758 308 768 309 777 305 792 307 806 313 796 329 783 336 772 338 762 339 748 337 759 318 769 317 779 315 780 321 770 324 760 324
734 325 745 314 758 308 767 309 777 305 791 307 805 312 794 323 782 329 772 332 761 333 748 332 758 318 768 317 778 315 780 317 770 319 760 320
733 323 745 314 758 308 768 309 777 305 792 306 805 311 795 323 782 330 772 333 761 333 748 331 759 318 769 317 779 315 780 316 770 319 760 320
733 320 746 314 758 308 767 309 775 306 789 307 804 309 792 319 780 325 770 327 761 328 748 327 759 317 768 316 776 314 777 315 768 317 759 318
733 321 746 313 758 308 768 309 777 305 790 306 805 309 793 320 781 326 772 329 761 329 748 327 759 316 769 316 778 313 779 317 770 319 760 319
733 320 746 313 759 308 768 309 778 305 791 306 805 309 793 320 782 326 772 328 762 329 749 327 759 316 769 316 779 313 780 315 770 318 760 318
734 321 746 313 758 307 769 309 778 304 791 305 806 309 795 320 782 326 773 329 762 329 749 328 759 316 770 315 779 313 780 316 771 319 760 319
734 321 746 313 759 308 769 309 777 305 791 306 806 309 795 320 782 326 773 329 763 330 749 328 760 316 770 315 779 313 780 316 771 319 761 319
736 322 748 314 761 308 771 309 779 305 793 306 807 310 796 322 784 328 774 331 764 331 751 329 762 316 771 316 780 314 781 318 773 321 763 321
737 323 748 314 761 309 771 310 780 306 794 307 808 311 797 322 785 328 775 331 765 332 752 330 762 318 772 317 781 315 782 316 773 319 763 320
738 324 749 315 761 309 771 310 780 306 794 307 809 312 798 324 786 331 776 333 766 334 753 332 763 317 772 316 781 314 783 321 774 324 764 324
739 323 750 314 762 308 772 309 781 305 795 307 809 312 798 323 786 330 776 333 766 333 753 331 763 317 773 317 782 315 784 319 774 322 764 322
739 323 750 314 762 309 772 310 781 305 795 307 809 312 798 323 786 330 776 332 766 333 753 331 763 317 773 317 782 314 784 319 774 322 765 322
740 323 751 314 763 308 773 309 782 305 796 306 809 312 799 322 787 329 778 332 767 333 754 331 764 318 774 317 783 315 785 317 776 319 766 320
740 324 751 314 763 308 773 309 783 305 797 306 810 312 800 324 788 331 778 334 768 335 754 332 764 318 774 317 784 314 786 319 776 321 766 322
741 324 752 314 764 308 774 309 783 305 797 306 811 312 801 325 789 332 779 335 768 336 755 334 765 318 775 317 785 315 786 320 777 322 766 323
740 323 751 313 764 307 775 308 784 304 798 305 811 312 801 322 789 329 778 332 767 333 753 331 765 317 775 316 786 314 787 317 777 319 766 320
740 322 750 311 764 305 775 306 784 301 799 303 812 311 803 324 790 331 779 334 768 335 753 331 765 316 776 315 786 312 787 318 777 321 766 321
741 314 752 304 765 298 776 299 786 295 800 297 813 303 803 313 791 319 780 322 769 322 755 320 766 308 777 307 787 305 788 308 778 311 767 311
742 310 754 300 767 294 778 295 788 291 802 293 814 299 804 308 792 313 781 315 770 316 756 315 768 304 779 303 789 301 790 302 780 305 769 305
742 308 754 298 768 292 778 293 788 289 802 290 815 297 805 306 793 311 783 314 772 315 757 314 769 302 779 301 789 299 791 300 781 302 770 303
743 308 755 297 768 291 779 292 789 288 803 291 816 298 806 307 793 312 783 314 772 315 758 314 769 301 780 300 790 298 791 301 781 303 771 303
744 305 757 296 770 290 780 292 789 288 803 289 816 295 805 303 793 308 783 310 773 310 759 310 771 300 780 299 790 297 791 299 781 301 772 301
744 303 758 293 771 287 780 288 788 285 802 286 817 291 805 299 793 302 784 304 775 306 761 306 772 297 781 296 790 294 791 294 782 296 773 297
746 304 757 294 770 288 780 288 789 285 803 287 817 292 805 300 793 304 784 306 774 307 760 308 771 297 781 296 790 294 791 295 782 297 772 298
745 304 757 292 770 286 780 287 789 283 803 285 817 292 806 301 793 305 783 307 773 308 759 309 771 296 781 295 790 293 791 294 782 296 772 298
746 303 757 291 770 285 780 286 789 283 803 285 818 292 806 301 793 304 783 306 773 307 760 307 771 295 781 294 790 292 791 294 782 296 772 297
745 302 758 292 771 285 780 286 789 283 802 286 817 292 805 300 792 303 783 305 773 306 760 307 771 295 781 294 790 292 790 293 781 295 772 296
746 304 757 292 770 285 780 286 789 283 804 286 818 294 807 304 794 308 784 311 774 311 760 311 771 297 781 296 790 295 792 296 782 298 773 299
746 304 757 292 771 285 781 286 791 282 805 285 819 294 808 303 795 308 785 310 774 311 760 311 772 297 782 295 792 294 793 296 783 298 773 299
747 304 758 291 772 284 782 285 792 282 807 285 820 293 809 303 796 308 785 311 774 312 760 311 773 296 783 295 793 293 794 296 784 299 773 300
748 306 759 292 772 284 782 285 792 282 807 285 819 295 810 304 797 309 786 311 775 312 761 311 773 297 783 296 794 294 795 296 784 298 774 299
750 305 761 293 773 285 782 286 791 282 804 286 817 295 807 306 795 311 785 314 776 314 763 313 774 296 783 295 792 294 793 298 784 300 775 301
755 306 763 291 774 284 782 285 790 282 802 286 812 298 805 307 794 314 785 316 776 316 765 313 774 294 783 293 791 292 792 298 784 300 775 300
755 305 762 289 773 281 782 282 790 279 803 284 812 296 805 306 795 312 786 314 776 314 765 311 774 291 783 290 792 289 793 296 784 298 775 298
756 303 763 286 773 278 782 279 790 276 802 281 811 295 805 305 794 311 785 312 776 313 765 309 774 288 782 287 791 286 792 296 783 297 775 297
755 299 762 283 773 275 782 276 791 273 803 279 811 292 805 302 794 308 785 310 775 310 764 306 774 285 783 284 791 283 792 294 783 296 774 295
755 300 761 282 772 273 781 274 789 271 802 277 811 291 805 301 794 307 785 309 775 310 764 307 773 284 782 282 790 282 792 293 783 294 774 294
754 298 761 281 772 273 781 274 789 272 802 277 811 289 804 298 793 305 784 306 774 307 763 303 773 282 782 282 790 280 791 292 782 294 773 293
756 301 762 283 773 275 782 276 790 273 803 279 812 294 806 304 795 310 785 311 776 311 765 307 774 284 783 284 791 283 792 295 783 297 775 296
758 306 763 289 774 280 783 282 790 279 803 285 813 299 805 310 794 316 786 318 776 317 766 313 775 290 783 290 791 290 792 301 784 303 775 302
758 312 764 296 774 287 783 288 791 285 803 291 811 305 805 315 795 322 786 324 776 324 766 319 775 298 783 297 792 296 793 305 784 307 775 307
756 318 764 302 776 294 785 295 793 292 806 297 815 310 808 321 798 328 788 330 779 330 766 325 777 305 785 304 794 303 795 311 786 313 778 313
758 322 766 309 777 302 786 303 794 300 806 303 816 313 809 322 799 329 789 331 780 331 768 329 777 310 787 309 795 307 797 315 788 317 778 317
756 318 766 309 777 304 786 305 795 302 807 304 819 309 809 316 798 321 789 324 780 324 768 322 778 311 787 311 796 309 796 309 787 311 778 311
755 315 766 306 777 300 786 302 794 298 806 300 818 306 808 313 798 318 789 320 780 320 768 319 778 309 786 309 795 307 796 305 787 308 779 308
754 314 765 305 776 298 784 300 791 296 803 299 815 304 806 312 795 317 787 319 779 320 767 318 777 308 785 308 793 306 794 305 786 307 778 308
754 313 765 302 776 296 785 297 793 293 805 296 818 302 808 310 797 315 788 318 779 318 768 318 777 305 785 304 794 303 795 303 786 305 778 306
752 314 762 301 774 295 784 295 794 292 807 295 819 302 810 311 798 316 788 319 778 320 765 319 775 304 785 303 795 301 796 303 786 306 776 307
751 315 761 303 774 297 784 297 794 294 807 297 820 304 810 315 798 321 788 323 777 324 764 322 775 307 785 305 795 304 796 307 786 309 776 310
752 317 763 306 775 300 785 301 794 297 808 299 820 306 811 315 799 321 789 324 778 324 765 323 776 309 786 308 796 306 797 309 787 311 777 312
752 318 763 308 775 301 785 302 793 298 807 301 820 307 810 316 798 322 789 325 778 326 766 325 776 311 786 310 795 308 796 309 787 312 777 312
751 314 763 306 776 301 785 303 793 299 807 301 820 305 809 313 798 317 789 319 779 320 766 319 776 311 785 311 794 308 795 307 787 309 778 310
752 309 763 301 775 295 784 297 793 293 806 295 820 300 809 307 797 312 788 315 778 316 766 314 776 304 785 304 794 302 795 301 786 303 777 303
753 311 763 301 774 294 783 295 791 291 805 295 818 301 808 311 796 317 787 319 777 320 765 318 775 303 784 302 793 300 794 303 785 306 776 306
754 311 763 299 774 293 783 294 791 290 804 294 816 301 807 309 795 315 786 317 777 318 765 316 775 302 783 302 792 300 793 301 784 304 775 304
752 307 761 297 773 291 782 292 791 289 804 292 816 298 806 305 794 311 785 313 776 314 763 312 774 299 783 299 792 297 793 298 783 301 774 301
752 306 761 296 773 290 782 292 791 288 804 291 818 297 807 304 795 309 785 312 776 312 764 310 774 298 783 298 792 296 793 297 784 300 775 300
751 307 761 296 772 290 781 292 789 289 802 292 815 298 804 306 793 312 784 314 775 315 763 313 773 299 782 299 790 297 791 299 782 301 774 301
752 311 761 301 773 294 781 296 789 292 802 296 814 302 804 310 793 316 784 318 775 318 763 316 773 303 782 303 790 301 791 303 782 305 773 306
752 314 762 303 774 296 782 297 790 294 804 298 818 304 807 312 795 318 787 320 778 320 765 318 775 305 783 304 792 303 793 307 784 308 776 309
753 316 763 304 775 296 783 298 792 294 806 298 819 307 809 316 797 321 788 323 778 324 766 322 776 307 784 306 794 304 795 308 785 310 777 310
750 313 763 305 774 299 783 300 790 297 804 300 819 305 807 313 795 317 787 319 778 319 766 318 775 308 783 308 792 306 793 308 785 309 777 309
750 313 762 304 774 298 783 300 791 295 804 298 819 303 807 311 795 315 787 317 778 317 765 317 775 308 783 307 792 305 793 306 785 308 776 308
750 315 760 304 773 297 783 299 792 295 805 298 819 304 808 314 796 320 786 323 776 324 763 322 774 308 783 307 793 305 794 307 784 310 774 310
750 316 760 304 773 297 782 299 792 295 805 297 818 305 808 315 796 321 786 324 776 324 764 323 774 308 783 307 793 305 794 308 784 310 775 311
749 316 760 305 773 298 782 299 791 295 805 298 818 304 808 314 796 321 786 323 776 324 763 323 774 308 783 307 792 305 794 308 784 311 775 312
748 316 759 304 772 298 782 299 792 295 807 298 820 305 810 316 797 322 786 324 776 325 762 324 773 309 783 308 793 306 795 309 784 311 775 312
749 317 759 305 772 298 783 299 793 296 808 298 821 306 811 319 798 326 787 328 776 329 762 327 773 309 784 308 794 306 796 312 785 315 774 315
747 317 758 305 771 298 782 299 792 295 808 298 821 306 811 319 798 324 787 327 775 327 761 325 772 310 783 309 794 307 795 311 785 313 774 314
746 317 757 305 770 298 781 299 791 295 806 297 820 305 810 317 797 322 786 325 774 326 760 324 771 309 782 308 793 306 794 309 783 312 773 313
747 317 758 305 771 298 781 300 792 296 806 298 819 306 810 316 797 322 786 324 774 325 761 324 772 309 782 308 793 306 794 309 784 312 773 312
746 316 757 304 770 299 781 299 790 296 805 297 818 304 809 314 796 320 785 322 774 323 760 322 771 308 781 307 792 305 793 309 783 311 773 312
745 314 757 305 770 300 780 300 790 297 804 298 818 303 807 313 795 317 784 320 774 321 760 320 771 309 781 308 791 306 792 308 782 310 772 311
744 314 756 305 769 300 779 301 788 297 803 298 817 303 806 312 793 317 783 319 773 320 759 320 770 308 780 308 790 306 791 307 781 310 771 310
743 314 756 305 769 300 780 301 789 297 804 298 817 303 806 313 794 319 784 322 773 322 759 321 770 309 780 308 790 306 791 309 782 312 771 312
743 315 755 305 768 299 779 300 789 297 804 298 817 304 806 313 794 319 783 321 772 322 758 321 769 309 780 308 790 306 791 307 781 310 770 310
744 315 755 305 769 299 779 300 789 296 804 298 817 305 807 315 794 320 783 323 772 323 758 322 769 309 780 309 790 307 791 308 781 310 771 311
742 316 753 305 767 299 778 300 788 296 804 298 817 304 807 316 794 322 783 324 771 325 757 324 768 310 779 309 790 306 791 310 781 312 770 313
742 316 753 305 767 299 779 300 790 296 805 297 818 305 809 317 795 323 783 326 771 327 756 325 768 310 780 309 791 306 793 310 781 313 770 314
741 315 752 304 767 298 779 299 790 295 806 296 818 305 809 317 795 323 783 326 771 327 755 325 768 309 780 308 792 306 793 310 781 313 769 314
740 315 752 303 767 296 779 297 791 293 807 295 820 303 811 316 796 322 784 325 771 326 754 324 768 308 780 307 792 304 794 309 781 312 769 313
739 314 750 301 766 295 778 295 790 291 807 293 820 303 811 316 796 322 783 325 770 326 754 324 767 306 779 305 792 303 794 310 781 312 768 313
736 312 748 299 764 293 777 294 789 289 805 291 819 301 809 314 794 320 781 323 768 324 751 322 765 304 778 303 790 301 792 308 779 310 766 311
732 310 743 297 759 291 772 291 785 287 803 289 817 299 807 315 791 323 777 326 763 326 746 322 760 302 773 300 786 298 788 311 775 313 762 314
728 310 739 296 755 289 769 290 781 286 799 288 814 298 803 315 787 324 774 327 760 328 742 324 757 300 770 299 783 297 784 313 771 315 758 316
726 308 737 295 753 289 766 289 778 285 797 287 811 297 801 315 784 324 771 327 757 327 740 323 754 299 767 298 780 296 782 313 769 316 755 316
724 307 735 293 751 286 764 287 778 283 796 285 811 295 800 313 784 321 770 324 756 325 738 322 753 298 766 296 779 294 781 309 767 312 754 313
724 306 735 291 751 284 763 284 777 280 795 283 809 295 799 312 783 320 769 323 755 324 738 320 752 295 765 293 778 291 780 308 766 311 753 311
724 304 734 289 749 282 761 283 773 279 790 282 805 293 795 308 779 315 767 317 754 318 738 315 751 291 762 290 775 288 776 304 764 306 752 307
724 299 736 289 749 283 759 284 768 280 784 282 800 287 787 300 773 304 763 306 753 307 739 307 750 291 760 290 769 288 771 296 761 298 752 299
723 297 736 287 748 281 758 282 767 278 781 280 798 284 785 290 772 293 762 295 753 296 739 298 749 290 759 289 768 287 770 285 760 288 751 289
723 296 736 286 748 279 757 280 765 277 780 280 798 285 783 290 770 292 761 294 752 296 739 298 749 289 758 288 767 286 768 285 759 287 750 288
723 297 735 286 748 279 757 280 766 276 781 279 798 285 785 291 771 293 762 295 752 297 739 299 749 289 758 288 768 286 769 286 760 288 750 289
723 301 735 291 748 285 758 285 767 282 782 284 798 287 785 297 772 301 762 303 752 305 738 306 749 293 759 292 768 290 769 292 760 295 750 296
723 303 734 291 748 284 758 284 768 280 784 283 800 289 788 301 774 306 763 309 752 310 737 311 749 293 759 292 770 290 771 295 761 298 750 300
724 304 734 291 748 285 759 285 770 282 786 284 801 292 790 304 776 309 764 312 752 313 737 312 749 295 760 294 772 292 773 298 762 300 751 301
722 306 735 293 749 286 760 287 772 283 789 286 804 294 793 308 778 315 766 318 754 319 738 316 750 296 761 295 773 293 776 306 764 308 752 309
723 307 735 294 749 287 761 288 772 284 788 286 803 294 792 307 778 313 766 316 754 317 738 316 750 298 762 296 773 294 776 302 764 305 752 306
722 304 734 292 749 285 760 286 771 282 788 284 802 291 792 303 777 308 766 310 754 312 738 311 750 296 761 294 773 292 775 297 763 300 752 301
722 302 735 290 749 284 760 284 771 280 787 283 803 289 792 300 777 305 766 308 754 309 738 309 750 293 761 292 772 290 775 295 764 297 752 299
722 300 734 289 749 282 760 282 771 279 787 281 802 287 791 297 776 302 765 304 753 305 738 305 750 291 761 290 772 288 774 292 763 295 752 296
722 298 735 287 750 281 761 281 772 277 787 279 803 286 791 296 777 301 765 304 754 305 738 305 751 290 762 289 773 287 775 291 763 293 752 294
721 299 734 286 749 280 760 280 772 277 788 280 802 288 791 300 777 305 765 308 753 308 737 307 750 291 761 289 773 288 775 295 763 297 751 297
720 300 733 288 747 282 759 282 769 279 786 281 801 289 789 300 775 305 763 307 752 308 736 308 748 293 760 291 771 289 772 293 761 296 750 297
719 302 732 290 747 283 758 283 769 280 785 283 800 290 788 301 774 307 763 309 751 310 735 309 748 293 759 292 770 290 772 295 761 297 749 299
720 303 732 291 747 284 758 285 770 281 786 284 801 293 790 305 775 311 763 314 751 315 735 313 748 295 759 294 771 292 773 300 761 302 749 303
719 304 732 292 747 286 758 286 769 283 785 285 800 293 789 307 775 314 763 317 751 317 735 315 748 296 759 295 771 293 773 304 761 306 749 307
719 307 732 294 746 287 758 287 770 284 786 286 800 295 790 308 776 314 764 317 752 318 735 316 748 297 760 296 771 294 773 304 762 306 750 307
720 308 732 295 746 288 758 288 768 284 784 287 798 296 788 307 774 312 763 315 751 316 736 315 748 299 759 297 770 295 772 300 761 303 749 304
721 306 733 294 746 287 757 288 767 284 782 287 797 294 786 305 773 310 763 313 751 314 737 313 748 297 758 296 769 294 771 298 760 300 749 301
723 306 734 294 746 287 756 287 765 284 779 287 794 294 783 306 770 313 761 316 751 316 737 314 747 297 757 296 766 294 768 299 759 301 749 302
725 307 734 295 745 287 754 288 763 284 776 287 789 296 779 305 768 311 758 314 748 314 736 313 746 297 755 295 764 294 765 297 756 299 747 300
725 308 734 296 745 288 754 289 762 285 776 289 788 297 778 305 767 312 758 314 748 315 736 313 746 297 755 296 764 294 765 298 756 300 747 301
725 308 734 297 745 291 754 292 762 289 774 292 786 299 776 306 766 311 757 313 748 314 736 312 746 299 755 299 763 297 764 298 755 300 747 300
727 311 736 301 746 295 755 296 762 292 774 295 787 301 776 310 766 315 758 318 749 318 738 316 747 303 756 303 763 301 764 302 756 305 748 304
727 314 738 304 749 297 756 298 764 295 777 297 790 303 779 312 768 317 760 319 752 320 740 319 750 306 757 305 765 304 766 307 758 308 750 309
727 312 737 302 749 295 758 296 766 292 779 295 793 301 782 310 770 315 761 317 752 318 740 317 750 304 758 303 767 301 768 303 759 305 751 306
727 308 738 297 750 291 759 291 768 288 782 291 796 295 785 305 773 310 763 313 754 314 741 313 751 300 760 298 769 297 770 299 761 301 752 303
727 301 737 291 750 285 759 285 767 282 782 285 797 290 784 299 772 304 763 306 753 307 740 306 751 293 760 292 768 291 770 293 761 295 752 296
727 300 738 288 750 282 760 283 769 279 783 283 798 290 786 299 773 304 763 306 753 307 740 306 751 292 761 291 770 290 771 292 761 294 752 295
727 300 737 288 750 281 759 282 769 279 783 282 798 290 786 300 773 305 763 307 753 307 740 306 751 292 760 291 770 289 771 292 761 294 752 295
727 301 738 289 750 282 759 283 769 280 783 283 798 291 786 301 773 307 763 309 753 310 740 308 751 293 760 292 770 291 771 294 761 296 752 297
725 303 735 290 748 284 757 285 767 282 782 285 796 293 784 303 771 308 761 310 750 311 737 310 748 294 758 294 768 292 769 296 759 298 749 299
724 308 734 295 746 288 756 289 766 286 780 289 795 297 783 307 770 312 760 315 750 315 737 313 747 299 757 298 767 297 768 300 758 302 748 302
724 309 735 297 748 291 757 292 766 288 780 291 794 298 783 308 770 313 761 316 751 316 738 315 749 301 758 300 767 298 768 301 759 303 750 304
724 310 734 300 746 294 755 295 764 291 777 294 792 299 780 308 767 313 758 315 749 316 737 315 747 301 756 301 764 299 765 302 757 304 748 305
725 310 735 301 746 295 755 296 763 293 776 295 789 301 778 309 767 314 758 317 748 317 737 315 747 303 756 302 764 301 765 303 756 305 747 305
724 313 733 302 745 295 754 297 762 293 774 296 787 303 777 312 765 318 756 320 747 321 735 318 746 304 754 303 763 302 763 304 755 306 746 307
726 315 734 304 745 297 754 299 761 295 774 299 786 306 777 316 766 322 757 324 748 324 736 322 746 306 754 305 762 304 764 308 755 309 746 310
726 316 734 304 745 297 754 299 762 295 775 299 786 308 778 316 767 322 758 324 748 324 737 322 746 305 755 305 764 303 765 308 756 310 747 310
725 315 733 304 745 297 754 299 762 295 775 299 786 306 777 316 766 322 758 325 748 325 736 322 746 306 755 305 763 304 764 308 756 310 747 310
726 316 734 304 745 297 754 299 762 295 775 299 786 306 778 315 767 321 758 324 748 324 737 321 746 306 755 306 764 304 765 307 756 309 747 309
725 315 734 304 745 297 755 299 764 295 777 298 788 306 779 315 768 321 758 323 748 323 736 321 746 306 756 306 765 304 766 306 756 308 746 308
728 314 736 304 747 297 756 299 765 295 778 298 790 304 781 314 770 320 760 323 750 323 739 320 748 306 757 305 766 303 768 306 758 308 749 308
730 316 737 304 748 297 758 299 766 295 780 298 791 306 783 315 771 321 762 323 752 324 740 321 749 306 758 306 768 304 769 307 760 309 750 309
730 317 738 304 750 297 759 298 767 295 780 299 791 307 783 316 772 322 763 325 753 325 741 323 751 307 760 306 768 304 770 308 761 310 752 310
730 316 738 304 750 296 759 298 767 294 780 298 791 307 783 317 772 323 763 325 753 326 741 323 751 306 760 305 768 304 770 309 761 311 751 311
732 317 740 304 751 296 760 297 768 293 781 298 792 307 784 316 773 323 764 325 754 325 743 323 752 305 761 305 769 303 771 308 762 310 753 310
733 314 741 301 752 293 761 295 769 291 782 296 792 305 784 315 774 322 765 324 755 324 744 321 753 303 762 303 770 301 771 307 763 308 754 308
733 314 742 301 753 293 761 294 769 290 781 295 792 304 784 314 774 320 765 322 756 323 744 320 754 303 762 302 770 301 771 305 763 307 755 307
734 314 742 300 753 292 761 293 770 289 782 294 792 304 785 313 775 320 765 322 756 322 745 320 754 303 762 302 771 300 773 304 763 306 755 307
735 314 743 300 754 291 762 293 770 289 783 294 793 305 785 313 775 319 766 321 757 321 746 319 755 302 763 301 772 300 773 304 764 306 755 306
735 314 743 300 755 292 763 293 771 290 783 295 794 306 786 313 775 319 766 321 757 321 745 319 755 303 764 302 772 300 773 304 764 306 756 306
737 315 745 301 756 294 764 295 772 292 785 297 795 307 787 315 776 320 767 322 758 323 747 320 757 305 765 304 773 302 774 305 765 307 757 307
738 315 746 303 757 297 765 298 773 294 786 298 798 305 788 315 777 321 768 324 759 324 748 322 758 306 765 305 774 303 775 308 766 310 758 311
738 317 747 306 757 299 766 300 774 296 788 300 801 307 790 319 779 324 769 327 761 328 750 326 759 308 767 307 776 306 777 311 768 313 759 314
735 319 744 308 756 301 765 302 775 298 789 302 803 309 793 324 780 330 770 333 759 333 747 330 757 311 766 310 776 308 778 315 768 317 758 317
736 320 746 309 758 302 768 304 777 300 791 303 804 309 793 321 781 327 771 330 762 330 749 328 759 313 768 312 778 310 779 313 769 316 760 316
736 319 747 311 759 305 769 306 777 302 790 304 805 307 793 316 781 321 772 323 762 324 750 323 760 314 770 313 778 311 779 312 771 314 761 314
736 320 747 311 759 304 769 306 778 301 792 303 805 308 794 317 783 322 773 324 762 325 750 324 760 314 770 314 780 312 780 312 771 315 761 316
737 320 749 312 760 305 770 306 777 302 790 304 806 307 794 316 782 321 773 324 764 325 752 325 761 313 771 312 779 310 780 312 772 314 763 315
738 319 748 310 760 303 770 304 779 300 792 302 806 307 795 318 784 323 774 326 764 327 751 326 761 312 771 311 780 309 781 311 772 314 762 315
737 319 748 309 760 302 770 303 779 299 793 301 807 308 796 318 784 324 774 327 764 328 751 326 761 312 771 311 780 309 782 312 772 315 762 315
737 319 749 311 761 305 770 306 779 301 792 303 807 306 795 318 783 324 774 327 764 327 751 326 762 313 771 312 780 310 781 313 772 315 763 316
737 321 748 312 760 307 770 308 779 303 793 305 807 309 796 319 784 326 774 328 764 329 751 328 761 315 771 314 780 312 782 314 772 317 762 317
737 323 748 314 761 308 771 309 780 305 793 307 808 311 796 323 784 329 775 332 764 332 751 330 761 316 772 316 781 314 782 317 773 320 763 320
737 322 749 314 761 308 771 309 780 305 793 306 808 310 796 323 784 330 774 333 764 334 751 331 762 316 772 315 781 313 782 319 773 322 763 322
737 320 748 313 760 308 770 308 778 305 791 306 806 309 793 320 781 327 773 329 763 330 751 327 761 315 770 314 779 313 779 315 771 318 762 318
739 323 748 312 759 306 769 307 777 303 790 306 803 312 793 322 782 329 772 332 762 332 750 330 760 314 770 314 779 312 780 315 771 317 761 318
741 324 750 313 761 305 771 307 778 303 791 306 803 313 794 322 783 329 774 331 764 332 752 330 762 314 771 313 780 312 780 314 772 317 763 317
740 320 749 311 759 304 769 306 776 302 789 305 801 311 791 319 781 326 772 328 762 328 751 326 760 312 769 312 778 310 779 312 770 315 761 314
741 319 749 310 760 303 769 304 776 301 788 304 801 310 791 318 780 324 772 326 763 326 752 324 761 311 770 311 777 309 778 312 770 314 762 314
738 318 748 309 760 302 768 303 776 299 789 302 802 308 792 318 780 325 772 327 763 328 751 325 761 311 769 310 777 308 778 312 770 314 762 315
736 318 747 309 759 302 767 304 774 300 788 302 803 306 792 314 780 319 771 321 763 322 751 321 760 311 768 311 776 309 777 309 769 311 761 311
733 316 746 308 757 302 766 303 773 300 787 302 804 304 790 312 778 316 770 318 761 319 749 319 759 310 767 310 775 308 776 307 768 309 760 310
734 317 745 309 758 303 765 304 773 301 787 303 803 305 790 313 778 318 769 320 761 322 748 321 758 311 766 311 774 309 776 309 767 311 760 312
736 319 748 311 760 305 768 306 776 302 789 303 804 307 792 314 781 319 772 321 764 323 751 323 761 312 769 311 777 310 778 310 770 312 762 313
735 320 747 310 758 303 767 304 775 300 789 303 803 307 792 317 780 322 771 324 762 326 750 325 759 312 767 311 776 309 777 311 769 313 760 314
735 319 746 312 757 306 766 307 774 303 788 304 802 307 790 316 778 322 769 324 760 325 748 325 758 314 767 313 775 311 776 311 767 314 759 314
733 320 744 312 756 306 766 307 774 303 788 305 802 309 791 320 780 326 770 329 760 330 747 328 757 315 767 314 776 312 777 314 768 316 758 317
733 322 743 313 755 307 764 308 773 304 787 306 801 310 790 321 778 328 769 331 759 332 746 331 756 316 765 315 774 313 776 316 767 319 757 319
732 322 744 313 756 307 765 308 774 304 789 306 802 310 791 323 779 330 769 333 759 333 746 331 757 316 766 315 775 313 776 317 767 320 758 320
732 322 743 312 755 306 765 306 774 302 788 304 801 310 792 323 779 331 769 334 759 334 746 332 756 315 765 314 775 312 777 317 767 320 757 320
733 319 744 309 756 302 765 303 773 299 788 301 801 307 791 318 779 324 769 327 759 328 747 327 757 312 766 311 775 309 776 311 767 314 758 315
732 318 743 308 755 301 764 302 773 298 786 300 800 306 789 316 778 322 768 324 759 325 746 324 756 310 765 309 774 307 775 310 766 312 757 313
732 318 743 308 754 301 763 303 772 298 786 300 799 306 789 315 777 321 768 324 758 325 746 324 755 310 764 309 773 307 775 309 765 312 756 313
731 319 742 308 754 301 763 302 771 298 785 300 799 307 788 319 776 325 766 328 757 329 745 327 755 311 763 309 772 307 774 312 765 314 756 315
733 319 742 308 754 302 763 303 772 299 785 301 798 308 788 318 776 325 767 328 757 329 745 327 755 311 764 310 773 308 774 311 765 314 755 314
736 322 743 312 753 306 762 307 771 303 783 306 795 312 786 322 776 328 766 330 756 331 746 329 754 313 763 313 772 311 773 313 764 316 755 316
737 325 745 314 755 308 764 310 772 306 784 308 795 314 787 325 776 331 767 334 757 334 747 331 756 316 764 315 773 313 774 316 765 318 756 318
736 326 744 315 755 309 763 311 771 307 784 309 795 316 787 325 776 332 767 334 757 335 746 332 756 317 764 317 773 315 774 317 765 320 756 320
735 323 743 313 754 307 762 308 770 304 783 307 795 312 785 324 774 331 766 334 756 335 746 331 755 315 763 314 771 312 772 317 764 319 755 320
733 321 742 311 753 304 762 305 770 301 784 304 797 310 787 322 775 329 766 332 756 333 745 330 754 313 763 312 771 310 773 316 764 318 755 318
731 317 740 308 751 302 761 303 769 299 783 301 796 306 786 317 773 324 764 327 755 327 743 325 753 310 761 309 770 307 771 311 763 313 754 314
732 318 740 308 751 302 761 303 769 299 782 301 795 307 785 317 773 324 764 326 754 327 743 325 752 309 761 309 770 307 771 310 762 313 753 313
734 319 741 309 751 303 761 305 769 301 782 303 795 309 785 318 774 325 764 328 754 328 743 326 752 310 762 310 770 308 771 312 762 314 753 314
733 324 741 312 752 305 761 306 770 303 783 306 795 313 786 323 774 330 764 332 755 332 744 330 753 313 762 312 771 311 772 315 762 318 753 318
734 324 742 313 752 306 761 308 769 304 782 307 793 315 784 325 774 332 764 334 755 334 744 331 753 314 762 314 770 312 771 317 763 319 754 319
731 324 740 314 751 308 760 309 769 305 781 307 794 313 784 320 773 326 764 329 755 329 743 327 752 316 761 316 770 313 771 314 762 316 753 317
729 322 739 314 750 308 759 310 767 305 781 306 795 311 784 320 773 326 763 328 754 329 742 328 751 317 760 316 769 314 770 313 761 316 752 317
728 322 738 314 749 308 759 309 767 305 781 306 795 311 785 319 773 326 763 329 753 329 741 328 750 317 760 317 769 314 770 313 761 316 752 317
727 322 738 314 749 308 759 310 768 305 782 307 795 311 784 320 772 327 763 330 753 331 740 328 750 318 760 317 769 315 770 314 761 317 751 318
728 323 738 315 750 309 759 310 768 305 782 307 796 312 785 322 773 329 763 332 754 333 741 330 751 318 760 318 769 315 770 316 761 318 752 319
727 323 737 315 749 309 758 310 767 306 781 308 795 312 784 321 772 328 762 331 753 332 740 330 750 318 759 318 769 315 770 316 760 319 751 319
727 322 737 315 748 309 758 310 766 306 780 307 794 311 783 321 771 328 762 331 752 332 740 329 750 318 759 318 768 315 769 316 760 319 751 319
726 322 736 315 748 309 757 310 766 306 780 307 794 311 783 320 771 327 762 329 752 330 740 328 749 318 759 318 768 315 769 316 760 319 750 319
726 321 737 314 748 308 757 310 766 305 779 307 793 310 782 320 770 326 761 329 752 330 739 327 749 318 758 318 767 315 768 315 759 318 750 318
726 321 736 314 748 308 757 310 766 305 780 307 794 311 783 320 771 326 761 329 751 329 739 327 749 318 758 318 768 315 769 315 759 318 750 318
726 322 737 315 748 309 757 311 766 306 780 308 794 312 783 322 771 328 762 331 752 331 740 329 749 319 758 318 767 316 768 318 760 320 751 320
726 323 736 315 748 308 757 310 766 306 780 308 794 313 783 324 771 331 762 333 752 333 740 331 749 318 758 317 767 316 769 319 760 321 751 321
727 323 736 314 748 308 757 309 766 305 780 307 794 312 783 324 771 331 762 333 752 334 740 331 749 318 758 317 767 315 768 318 760 320 750 320
727 324 736 315 748 308 757 310 766 305 780 307 793 314 783 325 771 331 761 333 752 334 740 331 749 318 758 317 767 315 768 318 759 320 750 321
728 324 737 314 748 308 757 309 765 305 780 307 794 313 783 325 771 332 762 334 752 335 740 332 749 318 758 317 767 315 768 318 759 320 750 320
728 324 737 315 748 308 757 310 766 305 780 307 794 313 784 325 772 331 763 334 753 335 741 332 750 318 759 318 767 316 769 318 760 321 751 321
728 324 738 315 748 309 758 310 766 305 780 307 794 313 784 324 772 330 763 333 753 334 741 332 750 318 759 318 768 315 769 317 760 320 751 320
727 324 737 315 748 309 757 310 766 306 780 307 794 313 783 322 772 329 762 331 752 332 740 330 749 318 759 318 768 315 769 317 760 320 751 320
726 323 737 315 748 309 757 310 766 306 780 307 793 312 783 321 771 327 762 330 752 330 740 328 749 318 758 318 767 316 768 316 760 318 750 319
726 321 736 314 747 307 756 309 764 304 778 305 792 309 781 317 770 323 761 325 752 326 740 325 748 316 757 316 766 313 767 313 759 315 750 316
730 320 742 312 753 305 763 306 771 302 785 304 800 308 789 317 777 323 768 326 758 327 746 326 755 315 764 314 773 312 774 311 765 314 756 315
740 324 750 313 762 306 771 306 780 302 793 304 806 310 797 321 786 327 776 330 767 332 754 331 763 317 773 315 782 313 783 314 774 317 765 318
748 328 760 319 772 312 781 313 789 308 801 309 813 311 807 326 797 333 788 336 778 338 764 336 773 321 783 320 790 317 793 323 785 326 775 327
751 331 765 325 778 319 788 320 795 315 807 314 819 314 812 325 802 331 794 334 785 336 770 336 780 328 789 327 797 324 799 323 791 326 782 328
754 338 768 331 781 326 790 326 797 321 809 319 821 318 815 330 806 337 798 340 789 342 774 342 783 335 792 333 800 330 802 328 795 332 785 334
753 343 766 335 779 329 789 329 798 325 810 325 821 327 815 343 806 353 796 357 786 358 770 355 781 337 791 336 800 333 802 341 793 345 783 345
754 341 766 333 779 326 789 327 796 323 809 323 819 326 813 343 804 352 795 356 785 357 770 354 780 335 790 333 798 331 800 340 792 343 782 343
755 339 766 330 778 324 788 325 796 321 808 322 818 325 812 339 802 348 793 351 783 352 769 349 779 332 789 332 798 329 799 335 790 338 781 339
756 338 766 329 777 323 787 324 795 319 806 320 816 324 811 335 801 343 792 346 782 347 770 345 779 331 788 331 796 328 798 329 789 332 780 333
754 338 764 328 775 321 784 323 792 318 804 319 814 323 808 333 799 341 790 344 780 346 767 344 776 331 786 330 794 327 796 328 787 331 778 332
749 336 760 328 772 321 781 323 790 318 802 319 813 322 806 333 796 341 787 344 776 345 763 343 773 330 783 330 791 327 793 327 784 331 774 331
748 336 758 327 771 321 781 323 789 318 801 319 812 322 805 334 794 342 785 345 775 346 761 344 772 330 782 330 790 327 792 328 783 331 773 332
747 336 758 327 770 320 780 322 788 317 801 319 812 322 804 334 794 342 784 345 774 346 761 344 771 330 781 330 790 327 791 328 782 332 772 332
749 337 759 327 770 320 780 321 788 317 801 319 812 324 804 335 794 342 785 345 775 346 762 344 771 330 781 329 790 326 791 329 782 332 773 332
748 336 758 327 770 320 780 321 787 317 800 319 811 324 804 336 793 344 784 346 774 347 761 344 771 329 781 328 789 326 791 330 782 333 773 333
749 336 758 326 769 319 779 321 787 316 800 319 811 324 804 337 793 345 784 348 773 349 761 346 771 329 780 328 789 326 790 332 781 334 772 335
748 336 757 326 769 318 779 320 787 315 800 318 811 324 804 339 793 348 783 350 773 351 761 346 770 328 780 327 788 325 790 333 781 336 772 336
748 335 758 325 769 318 779 320 788 315 801 317 812 323 805 337 795 345 785 348 774 349 761 345 770 328 780 327 790 325 792 330 782 333 772 333
748 335 757 325 769 318 779 319 788 315 801 317 812 322 805 336 795 344 785 348 774 348 761 345 771 328 781 327 790 325 791 329 782 332 772 332
748 334 758 324 770 317 780 319 789 314 802 316 813 321 806 336 795 345 786 348 775 348 761 345 771 328 781 327 790 324 792 330 783 333 773 332
747 333 757 323 769 317 780 318 788 314 802 315 814 321 806 335 795 343 785 346 774 346 761 343 770 327 781 326 790 324 792 329 782 331 772 331
743 330 755 322 768 317 779 318 788 314 802 315 814 318 805 332 794 339 783 342 772 343 758 339 769 326 780 325 789 323 791 327 781 330 771 330
742 329 754 321 767 316 778 317 788 313 801 314 814 317 804 329 793 336 783 339 771 339 757 337 768 325 779 324 789 322 791 323 781 326 770 326
741 328 754 321 767 316 778 317 788 313 802 313 814 316 805 328 793 334 783 337 771 338 757 336 768 324 779 324 789 321 791 323 781 326 770 326
741 327 754 320 767 315 778 317 788 312 801 313 814 315 805 329 793 336 783 338 772 339 757 336 768 322 779 322 789 320 791 327 781 329 770 329
740 327 753 319 766 314 778 316 788 311 801 312 814 316 805 328 793 335 782 338 771 338 756 335 767 323 779 322 789 320 791 324 780 327 769 327
741 330 753 321 767 316 779 317 789 313 803 314 815 318 806 332 794 340 783 343 771 344 756 340 768 324 780 324 790 321 791 327 781 331 769 330
743 326 759 322 771 319 780 319 787 316 800 315 815 315 804 325 793 330 785 333 776 334 762 333 772 325 781 324 789 322 790 323 782 325 774 326
744 324 758 320 771 316 780 317 788 313 802 313 816 312 805 320 794 325 785 328 775 329 761 328 772 323 781 323 790 320 791 319 783 322 773 322
746 325 760 320 773 315 782 316 790 312 803 312 817 313 806 322 795 327 786 330 777 331 764 330 774 323 783 322 791 319 792 320 784 322 775 323
750 328 762 322 774 317 784 318 791 314 804 315 817 317 807 328 797 334 788 337 778 338 765 336 775 323 784 323 793 320 794 325 786 328 777 328
756 330 767 322 779 316 788 318 795 314 808 316 819 319 810 329 800 335 791 337 782 338 769 336 779 325 788 325 797 322 798 323 789 325 781 326
756 330 767 322 779 316 788 318 795 313 807 315 818 318 810 329 800 336 791 339 782 340 769 338 780 326 789 325 797 323 798 323 789 326 780 327
755 329 766 322 778 316 787 318 795 314 807 315 819 319 809 330 799 338 790 341 781 342 768 338 779 326 788 325 796 323 797 324 789 327 780 327
753 330 764 321 777 314 787 316 795 312 808 314 820 318 811 333 800 341 790 344 780 345 767 342 778 325 788 324 796 322 798 328 789 330 779 331
751 329 764 321 777 314 787 316 795 312 808 314 821 317 812 331 801 340 791 343 781 343 767 340 778 324 788 323 797 321 798 327 789 330 779 330
749 330 762 321 775 314 786 316 795 311 809 313 821 317 812 330 801 338 791 341 779 342 765 339 776 324 787 323 797 321 798 325 789 328 778 328
749 331 762 322 776 316 786 317 796 313 810 314 821 319 813 333 802 342 791 345 780 346 765 342 777 325 787 325 797 322 799 330 788 333 778 334
748 331 761 323 775 317 786 318 796 314 809 315 821 318 812 331 801 338 791 341 779 342 764 341 776 326 787 325 797 323 799 328 788 331 777 331
747 330 760 321 774 315 785 316 795 312 809 313 821 316 812 333 800 342 790 345 778 346 763 342 775 325 786 324 796 321 798 331 787 334 776 334
745 327 758 319 773 313 785 314 794 310 808 310 821 314 812 327 800 335 789 339 777 340 761 337 774 323 786 322 796 319 797 323 787 326 776 327
743 322 757 314 772 309 784 310 794 305 808 306 822 308 813 322 800 330 789 333 777 335 760 332 774 319 785 318 796 315 798 318 787 321 775 322
743 320 758 312 774 308 785 309 795 305 810 304 823 307 813 324 800 334 789 337 777 338 760 333 775 317 786 316 796 313 798 324 787 327 775 328
744 319 759 313 774 309 785 310 795 306 809 306 823 307 812 320 800 328 789 331 777 332 761 328 775 317 785 316 796 314 798 318 787 321 776 321
746 321 760 314 774 310 785 311 795 307 809 307 822 308 812 321 800 328 789 332 778 332 762 330 775 319 786 318 796 315 798 317 787 320 776 320
744 323 758 317 774 312 785 313 794 309 808 309 821 312 812 329 799 338 789 341 777 342 760 337 774 320 785 320 795 317 797 328 787 331 775 331
754 331 764 322 776 315 786 316 794 312 806 313 818 317 809 327 799 335 790 338 780 340 766 338 777 322 787 321 796 319 797 323 788 326 778 327
754 331 763 321 776 315 785 317 794 312 805 314 816 319 808 328 799 335 789 338 779 339 766 337 777 323 786 322 795 320 796 322 787 325 777 326
752 330 763 321 775 315 784 316 793 312 804 314 814 319 807 329 797 335 788 338 778 339 765 337 776 323 785 322 794 320 795 322 786 325 777 325
754 332 763 322 774 315 783 316 792 312 803 315 812 322 806 332 796 339 787 342 777 342 765 340 775 323 784 323 793 321 794 324 785 327 776 327
753 333 762 322 774 315 783 316 792 312 803 315 812 322 806 332 796 338 787 341 777 342 765 340 775 323 784 323 793 321 794 324 785 327 776 327
752 331 761 319 773 312 782 313 790 309 802 313 811 320 805 330 795 336 786 338 776 339 764 337 774 321 783 321 792 319 793 321 784 324 774 324
750 328 760 318 772 311 781 313 789 309 800 312 810 319 803 328 794 335 784 337 775 338 763 335 772 320 782 320 790 318 791 320 783 323 773 323
750 327 760 316 771 309 780 310 788 306 800 309 809 317 803 327 793 333 784 335 775 336 762 334 772 318 781 318 790 316 791 318 782 321 773 321
748 326 757 315 769 307 778 308 786 304 798 308 808 316 801 325 791 331 782 333 773 334 760 332 770 317 779 316 788 314 789 316 780 319 771 319
747 324 756 313 768 305 777 306 785 302 796 306 806 313 799 322 790 328 781 331 771 331 759 330 769 314 778 313 786 312 787 314 779 317 770 317
743 319 752 306 764 298 773 299 781 295 792 300 802 309 795 317 785 323 776 326 767 326 754 324 765 308 774 307 782 305 783 309 774 311 765 312
743 315 751 302 762 294 769 295 777 291 789 296 799 305 792 314 782 321 773 323 765 324 754 321 762 304 770 303 778 301 779 307 771 309 763 310
738 311 748 298 759 290 767 292 775 288 788 293 799 301 791 312 780 319 771 322 762 322 750 319 760 301 768 300 776 298 777 305 769 307 760 308
736 308 745 295 756 288 765 289 773 285 786 290 799 299 789 309 778 314 769 316 760 317 748 315 758 298 766 297 774 296 776 300 767 302 759 303
730 306 741 293 754 285 763 287 772 283 785 287 798 296 788 305 777 311 767 313 757 314 744 312 755 296 764 295 773 294 774 298 765 300 756 300
723 304 732 288 746 280 757 281 767 277 782 282 795 294 786 305 772 310 761 313 750 313 735 312 747 291 758 290 769 288 770 298 759 300 748 300
718 301 729 285 744 277 755 278 766 274 782 278 795 290 785 304 771 310 759 312 747 313 731 311 745 288 756 286 767 285 769 299 758 301 746 302
716 297 726 282 740 274 752 275 763 271 778 275 792 286 782 296 768 300 756 302 744 303 729 304 741 286 753 284 764 282 766 289 754 291 742 292
713 293 724 278 739 271 750 271 760 268 776 271 790 282 778 292 765 297 754 299 742 301 727 301 740 282 751 281 761 279 762 285 752 287 741 288
714 290 723 275 737 267 748 267 759 264 774 268 789 279 777 287 764 291 752 293 741 294 726 295 738 278 749 277 760 275 761 280 751 282 740 284
713 285 724 271 738 263 750 264 760 261 775 264 789 275 778 281 765 283 754 285 742 286 728 287 739 274 750 272 761 271 762 274 752 275 741 276
713 285 725 271 739 264 750 264 760 261 775 264 789 273 778 279 765 282 754 283 743 285 728 287 740 274 751 273 761 271 762 273 752 275 741 276
713 285 725 272 739 265 750 265 760 262 775 265 790 273 778 280 765 282 754 284 743 286 728 288 740 275 751 273 761 272 763 274 752 276 741 277
714 287 725 271 739 264 751 264 761 261 777 264 791 275 779 283 766 286 754 288 742 290 727 291 740 275 751 274 762 272 764 275 752 277 741 279
715 287 727 273 741 264 753 265 763 261 778 265 792 276 781 284 768 287 757 289 745 290 730 292 742 276 753 274 764 273 766 277 755 279 743 280
717 287 729 272 743 264 754 265 764 261 780 265 794 275 783 284 769 288 758 290 747 291 732 292 744 276 755 275 765 273 767 278 756 280 745 281
717 288 729 273 743 265 754 266 765 262 781 266 795 277 784 285 770 289 758 291 747 292 731 293 744 277 755 276 766 274 768 278 756 280 745 281
717 287 730 273 744 266 755 267 766 263 781 267 795 277 783 285 770 288 759 290 747 291 732 292 745 277 756 276 767 274 768 278 757 279 746 280
718 287 731 273 745 265 756 266 767 263 782 267 797 278 785 286 771 289 760 291 748 292 733 292 746 276 757 275 768 273 769 280 758 282 747 282
719 286 731 272 745 266 756 266 766 263 781 266 795 276 783 283 770 286 759 288 748 289 734 290 746 275 757 274 767 273 768 277 757 278 747 279
718 284 732 271 746 264 756 265 766 262 781 266 796 273 783 279 770 281 759 282 749 284 734 286 747 274 757 273 767 271 768 272 758 274 747 275
719 284 732 270 746 263 757 263 768 260 782 264 796 274 785 282 772 284 761 286 749 287 734 288 747 274 758 273 769 271 770 274 759 276 748 277
719 282 731 268 746 260 756 261 766 259 781 263 796 273 783 279 770 282 759 283 748 284 733 285 746 271 757 270 767 269 768 272 757 274 747 275
724 280 736 267 748 260 757 261 766 258 780 262 794 271 782 276 770 277 761 279 752 279 739 281 749 268 758 268 767 266 768 269 759 271 750 271
727 282 737 268 749 261 758 262 766 259 778 264 790 273 780 277 769 280 760 282 751 282 739 282 750 270 759 269 767 268 767 270 759 272 750 272
730 286 739 272 750 265 759 267 767 263 779 268 791 278 781 284 771 289 762 290 753 291 741 289 751 275 760 275 768 273 769 276 760 277 752 277
731 287 740 275 752 268 760 270 768 267 780 271 792 280 781 286 771 290 762 292 754 292 742 290 752 277 761 277 769 276 769 277 761 279 753 279
731 289 742 278 753 272 761 273 768 270 780 274 793 282 782 287 771 290 763 292 755 292 744 291 754 280 761 280 769 279 770 281 762 282 754 283
732 294 743 283 754 275 762 276 769 273 782 278 794 286 784 292 774 295 765 297 757 298 746 297 755 285 762 284 770 283 772 284 764 286 756 286
730 300 740 286 753 278 762 279 771 276 785 281 798 291 787 300 775 305 765 307 755 307 742 307 753 289 762 288 772 287 773 292 763 294 754 295
731 303 742 291 754 284 763 285 771 282 785 286 799 293 787 302 775 307 766 309 757 310 744 309 755 295 764 294 772 292 773 295 764 297 756 297
731 303 742 293 755 286 764 287 773 284 786 287 799 294 789 303 777 308 767 310 758 311 745 310 756 296 765 295 774 293 775 296 765 298 757 298
731 304 743 293 755 287 764 288 774 284 787 287 801 294 789 303 778 307 768 309 758 310 745 309 756 297 765 296 775 294 776 295 766 297 757 298
731 305 744 295 756 288 765 289 774 285 787 289 801 295 790 303 778 308 769 310 759 311 746 310 757 298 766 297 775 296 776 296 767 298 758 299
732 304 744 295 757 290 766 291 774 287 788 290 802 295 790 303 778 307 769 309 760 310 747 309 758 299 766 298 775 296 776 297 767 299 759 299
734 303 746 295 758 289 767 291 775 287 789 290 804 295 791 301 780 305 771 307 761 307 749 306 759 298 768 298 776 297 778 296 769 297 760 298
735 304 747 295 759 289 768 291 776 287 790 290 804 295 793 301 780 305 772 307 762 308 749 307 760 298 769 298 778 296 779 296 770 298 761 298
737 305 748 296 760 290 770 292 777 288 791 291 805 297 793 304 782 309 773 311 763 311 751 309 761 299 770 299 778 298 780 298 771 299 762 299
742 310 751 298 762 290 771 291 778 287 791 292 801 301 794 311 783 317 774 319 765 319 753 317 763 300 771 299 779 297 781 301 773 303 764 303
742 311 750 298 762 289 771 290 779 286 791 291 801 301 794 311 784 318 775 320 765 321 753 318 763 299 772 298 780 297 781 302 773 304 764 304
743 308 751 293 762 284 771 285 778 282 791 288 801 299 794 309 783 315 774 317 765 317 753 314 763 295 772 295 780 293 781 299 773 301 764 301
743 308 750 291 761 282 771 283 778 280 791 285 800 299 794 309 784 315 775 317 765 318 753 314 762 294 772 293 780 291 781 299 773 301 764 301
743 305 750 289 761 280 770 281 778 278 790 283 798 296 793 306 783 313 774 315 765 315 753 312 762 291 771 290 779 289 781 297 773 299 763 299
744 301 750 286 761 277 770 279 778 275 789 281 799 294 793 304 782 311 773 313 763 313 753 309 762 288 771 287 779 286 780 294 772 296 762 295
744 300 750 285 761 276 771 277 779 275 790 280 800 293 793 303 783 310 774 312 764 311 753 307 762 287 771 287 780 286 781 294 772 295 763 294
742 300 750 283 761 274 770 275 778 272 790 278 799 292 793 302 782 308 773 309 763 310 752 306 762 285 771 284 779 283 780 293 772 294 762 293
743 298 750 282 761 274 770 275 778 272 790 278 800 291 792 301 782 307 773 309 763 309 752 305 762 284 771 284 779 283 780 292 771 293 762 292
742 297 750 282 761 274 770 275 777 272 790 278 800 290 793 300 782 307 773 308 764 308 752 304 762 285 771 284 778 283 779 291 771 292 763 292
743 298 751 283 762 274 771 276 778 273 790 279 800 291 793 301 783 308 774 309 764 309 753 306 763 285 771 285 779 284 780 291 772 293 763 292
744 305 751 287 762 278 771 279 779 276 791 282 800 297 793 304 783 309 774 311 764 311 754 309 763 290 772 289 780 288 781 293 772 294 763 295
744 316 753 303 763 295 772 296 779 293 790 297 800 307 792 315 783 321 775 323 766 324 755 321 764 306 772 305 780 303 781 305 773 307 765 308
745 323 753 313 764 307 773 308 779 305 791 308 803 314 793 326 783 333 775 335 766 336 755 332 765 316 773 315 780 314 781 320 774 322 765 322
742 333 753 324 764 319 774 320 782 316 795 318 808 323 798 335 786 342 777 345 767 345 755 343 765 328 775 327 784 325 784 329 775 332 766 332
742 339 753 332 765 328 775 329 784 325 798 326 811 328 801 343 789 352 779 355 768 355 756 351 766 336 776 335 785 333 787 339 777 342 767 341
742 342 754 336 766 331 776 333 786 329 799 329 813 332 803 347 791 356 780 358 769 359 756 354 767 339 777 339 787 337 789 343 779 346 768 345
742 341 754 333 766 329 777 330 787 327 800 327 813 329 803 345 791 354 780 358 769 358 756 353 767 337 777 337 788 335 789 342 778 345 768 344
743 336 755 329 766 325 777 326 785 322 799 323 813 324 802 338 790 346 780 349 770 350 757 346 767 333 777 332 786 330 788 333 779 335 768 335
743 332 754 325 766 321 776 322 785 318 797 319 811 321 800 333 789 341 779 344 769 345 756 342 767 327 777 327 786 325 787 327 777 331 767 331
746 331 755 321 766 316 776 317 784 313 796 315 807 321 799 331 788 338 779 340 769 341 757 338 767 324 776 324 785 321 786 323 777 326 767 326
745 331 754 320 765 314 775 316 783 312 795 314 806 321 798 331 787 337 778 340 768 340 756 338 766 323 775 323 784 320 785 323 776 326 767 326
744 330 754 323 766 316 775 318 783 313 796 315 808 319 799 329 788 336 779 339 769 340 757 338 766 327 776 326 785 324 786 323 777 327 768 327
741 330 753 322 765 316 775 318 783 313 796 314 810 319 800 330 788 337 779 340 768 341 756 338 766 326 775 325 784 323 786 325 777 328 767 328
741 331 751 321 763 315 773 316 782 312 796 313 809 319 799 332 787 341 777 344 767 345 754 342 764 325 774 324 783 322 785 327 775 330 765 330
740 331 751 321 763 315 773 316 782 312 796 313 810 319 799 333 787 341 777 344 766 345 754 342 764 325 774 324 783 322 784 327 775 330 765 331
741 330 751 321 764 314 774 315 782 311 797 313 810 318 801 333 788 342 778 345 767 345 754 341 765 324 775 323 784 321 786 328 776 331 766 331
740 329 751 320 763 314 774 315 782 311 797 312 810 318 801 334 787 343 778 345 767 345 753 341 764 323 774 323 783 321 785 329 776 332 766 331
740 330 751 320 764 314 774 315 783 311 798 312 811 320 801 334 788 343 778 346 767 346 754 341 765 324 775 323 784 321 786 332 776 334 766 334
741 329 752 320 765 314 775 315 784 311 798 313 812 319 802 333 790 341 780 344 769 344 756 340 766 323 776 323 785 320 787 329 778 331 767 331
741 328 752 319 764 313 775 314 784 310 798 311 812 317 802 330 790 337 780 340 769 341 756 338 765 323 776 322 785 320 787 324 778 326 767 327
742 328 753 319 765 313 775 314 784 310 798 311 812 316 802 329 790 336 780 339 770 339 756 337 766 322 776 322 786 319 788 323 778 325 768 325
742 327 753 319 766 313 776 314 784 310 798 311 813 315 802 327 789 334 780 336 770 337 756 334 767 321 777 321 786 319 787 323 778 326 768 326
742 325 754 319 766 313 776 315 785 310 799 312 814 314 802 326 789 333 780 335 770 336 757 334 767 322 777 321 786 319 787 321 778 324 768 324
743 325 755 318 767 312 777 314 786 309 800 311 814 314 803 325 791 332 781 334 771 335 758 333 768 321 778 321 787 318 789 321 779 323 769 324
744 325 756 318 768 313 777 314 786 310 799 311 814 315 802 325 790 332 781 334 771 335 759 332 769 321 778 321 787 318 788 321 779 323 770 324
743 325 755 318 767 312 777 314 786 309 800 311 815 314 803 325 791 331 781 334 771 335 758 333 768 321 778 320 787 318 789 321 779 323 770 324
744 325 756 317 768 311 778 312 786 308 801 310 815 315 804 326 791 333 782 336 772 336 759 334 769 320 779 320 788 318 789 321 780 324 770 324
744 325 756 317 769 311 778 313 787 308 801 310 815 315 804 327 792 334 782 337 772 337 759 334 769 320 779 320 788 318 790 322 780 325 771 325
745 326 757 317 769 311 778 312 787 308 801 310 816 315 805 325 792 331 783 334 773 335 760 333 770 320 779 319 788 317 790 320 781 322 771 323
745 325 756 317 768 310 778 312 787 307 801 310 816 315 805 327 793 333 783 336 772 337 759 334 769 320 779 319 789 317 790 320 781 323 771 323
744 326 756 316 768 310 778 311 787 307 802 309 816 315 805 327 793 335 782 338 772 338 759 335 769 320 779 319 789 317 790 320 780 323 770 324
743 324 753 314 767 308 778 309 788 305 803 306 817 313 807 327 793 336 783 339 771 340 756 336 768 317 779 317 789 314 791 326 781 329 770 329
741 320 753 309 767 304 778 305 789 301 804 302 818 309 808 324 794 330 782 333 770 334 755 331 767 314 779 313 790 311 792 318 781 321 769 321
739 315 751 304 766 299 778 300 788 296 805 298 819 305 808 321 793 329 781 332 769 332 753 328 767 310 778 309 790 307 791 317 780 320 768 320
740 312 752 301 767 295 778 297 790 293 806 295 819 302 809 315 795 321 783 324 770 325 754 322 767 306 779 306 791 304 792 309 781 311 769 311
739 309 752 299 767 294 778 295 789 291 806 292 820 299 809 311 794 318 783 321 770 321 754 319 768 304 779 304 791 301 792 305 781 308 769 308
738 308 751 298 766 293 778 294 789 290 804 291 818 298 808 310 794 316 782 319 770 320 754 318 767 303 779 303 790 300 792 304 780 307 769 307
739 311 752 301 767 295 779 296 790 293 806 294 820 300 810 314 795 321 783 324 771 325 755 322 768 306 780 305 791 303 793 309 781 312 770 312
739 312 752 303 767 297 778 298 790 295 806 296 821 301 810 315 795 323 783 326 771 326 755 323 768 308 779 307 791 305 793 311 781 313 770 314
740 315 753 305 768 300 779 301 790 297 806 298 819 304 809 316 795 323 783 326 771 327 755 324 768 310 780 309 791 307 793 311 781 313 770 314
740 318 752 309 767 304 779 305 790 301 805 302 818 307 808 319 794 327 783 330 770 331 755 328 768 313 780 313 791 310 792 315 781 318 769 318
744 324 754 315 768 310 780 311 790 307 806 308 820 313 809 329 795 339 783 342 771 342 757 337 769 319 780 318 791 316 793 329 782 332 770 332
744 327 755 316 769 311 781 312 791 308 805 309 819 315 808 329 795 337 784 340 772 341 758 337 770 321 781 320 792 318 793 323 782 326 771 326
743 328 755 318 768 313 780 314 791 309 805 310 819 315 808 327 796 335 784 338 772 338 758 336 769 322 781 322 792 319 793 322 782 325 771 325
742 327 755 318 769 313 780 314 790 310 804 310 818 315 807 329 795 336 783 339 772 340 757 337 769 322 781 321 791 319 793 323 782 326 770 326
743 327 755 317 769 311 781 313 791 308 806 309 819 316 809 330 796 338 784 341 772 341 757 338 770 322 781 321 792 318 794 324 783 327 771 327
743 323 756 314 769 309 781 310 791 306 805 307 819 312 809 326 796 333 784 336 772 336 758 333 770 318 781 317 792 315 794 321 783 324 771 324
743 321 755 312 768 307 779 308 789 304 803 305 817 310 807 321 794 327 783 330 772 331 758 328 769 316 780 315 790 313 792 315 781 318 770 318
743 319 756 310 768 305 778 306 787 302 801 304 816 309 804 319 792 325 782 328 771 328 758 327 769 314 779 313 788 311 790 313 780 316 770 316
745 320 755 311 767 304 777 305 786 301 800 303 813 309 802 320 790 328 780 331 769 331 757 329 768 312 778 312 787 310 788 313 778 316 768 316
747 322 756 311 767 304 777 305 785 301 798 304 810 310 801 320 790 327 780 330 770 331 758 328 768 312 778 311 787 309 787 313 778 316 769 317
746 318 754 309 765 303 775 305 783 301 797 303 810 308 799 317 787 323 778 325 768 326 757 323 766 311 776 311 785 309 785 310 777 313 767 313
745 318 755 310 767 304 776 305 784 301 797 303 811 308 799 315 788 321 779 324 770 324 758 323 768 313 777 313 785 310 786 309 778 312 768 313
745 321 755 313 766 306 776 308 784 303 797 305 811 310 800 319 788 326 779 329 770 330 758 327 767 316 777 316 785 314 786 314 778 317 768 317
746 324 756 314 767 307 776 308 785 304 798 307 812 313 802 323 790 329 781 332 771 333 759 331 768 318 777 317 786 315 788 317 779 319 770 319
746 327 755 315 766 308 776 309 784 304 799 307 812 314 802 328 790 335 781 338 770 339 758 337 768 318 777 317 786 315 787 322 779 324 769 325
745 327 755 316 766 308 776 309 784 305 798 308 812 314 802 328 790 336 781 339 770 339 758 337 767 319 777 318 785 316 787 320 778 323 769 324
744 326 754 315 765 308 775 309 784 305 798 307 813 314 802 328 790 336 780 339 769 339 757 336 766 318 776 317 786 315 787 322 778 325 768 325
743 325 753 315 765 308 775 309 784 305 798 307 812 313 802 325 790 333 780 336 770 337 757 334 766 318 776 317 785 315 787 319 778 322 768 322
742 325 753 315 765 307 774 309 783 304 797 306 812 312 801 326 789 333 779 336 769 337 756 334 766 318 775 317 785 315 786 320 777 322 767 322
741 324 751 315 763 308 774 309 783 305 797 306 811 312 801 326 788 333 778 336 768 337 755 334 765 318 775 317 784 315 786 319 776 322 766 322
740 324 751 315 763 308 773 309 781 305 796 307 810 311 800 324 787 332 778 335 768 335 754 333 764 318 774 317 783 315 784 319 776 322 766 322
740 323 751 315 762 308 772 310 780 305 794 307 809 311 797 322 785 329 776 332 766 332 754 330 763 317 773 316 781 314 782 317 774 319 765 320
741 324 750 316 762 309 771 310 779 306 792 308 807 312 795 322 783 329 775 331 765 332 753 330 763 317 772 317 780 315 781 317 773 319 764 320
739 322 749 314 760 308 770 310 779 306 792 307 806 311 795 321 783 328 774 330 763 331 752 328 761 317 771 317 780 314 781 315 772 318 762 318
739 323 748 314 760 308 770 310 778 305 792 307 806 311 795 321 783 328 774 330 764 331 751 329 761 317 771 316 780 314 781 315 772 318 762 318
740 322 748 313 759 307 769 309 778 304 792 306 805 310 795 320 783 326 774 329 763 329 751 327 761 315 771 315 780 313 781 313 772 316 762 316
739 322 748 313 759 307 769 308 778 304 792 306 806 310 795 320 783 326 773 329 763 329 751 328 760 315 770 315 779 313 780 313 771 316 761 316
738 322 748 313 759 307 769 308 778 304 792 306 806 309 795 319 783 325 773 328 763 329 750 328 760 316 770 315 779 313 781 313 771 316 761 316
738 321 748 313 759 307 769 309 778 305 792 306 806 309 795 319 783 325 773 328 763 329 751 327 761 316 770 315 779 313 780 313 771 316 762 316
739 322 749 313 760 307 769 308 778 304 792 306 806 309 795 319 784 326 773 329 764 330 752 328 761 316 770 315 780 313 781 313 771 316 762 316
738 321 749 313 760 307 769 309 777 304 791 305 806 308 795 317 783 323 773 326 764 327 752 326 761 316 770 316 779 313 780 312 771 315 762 316
738 320 749 313 760 307 769 308 778 304 792 305 806 307 795 317 783 323 774 326 764 327 752 325 761 316 770 315 779 312 781 312 771 315 762 315
738 320 748 312 759 306 768 308 777 303 791 304 805 308 794 316 782 323 773 326 763 326 751 325 760 316 769 315 779 312 780 311 770 314 761 315
737 320 747 312 759 306 768 308 777 303 791 304 805 307 794 316 782 322 772 326 763 326 751 325 760 315 769 315 778 312 779 311 770 315 761 315
737 320 748 313 759 307 768 308 777 304 791 305 805 307 793 316 782 323 772 326 763 326 751 324 761 316 769 315 778 313 779 312 770 315 762 315
737 320 747 312 758 307 768 308 777 303 791 304 805 307 794 316 782 322 773 325 763 326 751 324 760 315 769 315 778 312 780 311 770 315 761 315
736 321 747 313 758 307 767 309 776 304 790 306 804 309 793 317 781 323 772 326 762 327 750 326 760 316 768 316 777 313 778 312 769 315 761 316
737 322 747 314 758 308 766 310 775 305 789 307 803 310 792 320 780 326 771 329 762 330 750 328 759 318 768 317 777 315 778 314 769 317 760 317
737 323 747 315 758 308 767 310 775 305 788 308 801 312 791 323 780 330 771 333 761 334 749 331 759 319 768 319 777 316 778 316 769 319 760 319
738 324 747 314 758 308 766 309 774 305 787 308 800 314 790 326 779 333 770 336 761 337 750 334 759 318 767 316 775 315 776 319 768 322 760 322
738 324 747 313 758 306 766 307 775 303 790 306 803 313 794 328 781 336 771 339 762 339 750 336 759 316 767 315 777 313 778 321 769 323 760 324
742 315 751 301 765 294 776 294 785 290 800 292 814 300 805 314 793 321 782 324 771 325 756 323 766 305 777 304 787 302 789 307 779 309 768 310
746 310 757 296 770 288 781 288 790 284 805 286 818 294 810 307 798 314 788 317 777 318 761 317 772 300 783 299 792 296 794 300 784 303 774 304
747 308 759 297 774 289 784 289 793 284 807 286 820 290 812 303 801 309 791 312 780 314 764 314 775 300 786 298 795 295 797 297 787 301 777 303
746 312 759 302 773 294 784 294 793 290 807 290 821 293 812 307 801 314 791 317 780 319 764 319 775 303 786 302 795 299 797 304 787 307 777 308
748 321 761 311 775 305 786 305 794 300 807 299 821 301 813 316 802 325 792 329 781 331 766 329 777 314 787 312 796 309 798 313 789 317 778 319
758 342 768 334 780 326 789 327 796 322 808 322 820 323 814 340 804 349 795 353 786 355 772 353 782 335 791 333 798 330 800 336 792 340 783 341
761 349 770 341 781 334 790 334 797 330 808 329 820 330 814 343 805 351 797 355 787 357 775 356 783 342 791 341 799 337 801 338 793 342 784 343
759 353 769 344 780 337 790 338 797 333 808 333 820 334 813 346 804 354 796 357 786 359 773 359 782 344 791 343 799 340 801 340 792 344 783 345
758 354 768 345 779 338 788 339 796 334 807 334 818 336 812 349 803 356 795 360 785 362 772 361 781 346 790 345 798 342 799 343 791 346 783 347
758 353 768 343 779 337 788 338 795 333 806 333 817 336 811 349 802 357 794 360 784 362 772 360 780 345 789 344 797 341 799 343 791 346 782 347
756 348 766 339 777 332 786 333 793 329 805 330 816 332 810 346 800 354 792 357 783 358 770 356 779 341 787 340 795 337 797 339 789 342 780 343
755 346 765 336 776 329 785 331 793 326 804 328 815 332 809 345 800 352 791 355 781 356 769 354 778 338 787 337 795 335 796 338 788 340 779 341
754 344 764 334 775 327 784 329 792 324 804 326 815 329 809 342 799 350 790 353 780 354 767 352 776 336 786 335 794 333 795 335 787 338 778 338
754 343 762 333 773 326 783 328 790 323 804 325 815 328 808 341 797 349 788 352 778 353 766 350 775 335 784 334 792 332 794 334 785 337 776 337
753 342 761 332 772 325 782 326 790 322 803 324 814 329 807 340 796 348 787 351 777 352 764 350 773 334 783 334 792 331 793 334 784 337 775 337
752 340 761 331 772 324 781 325 789 321 802 323 813 327 806 339 795 346 786 349 776 350 764 347 773 333 783 332 791 330 792 332 784 334 774 335
752 340 761 330 772 323 782 325 790 320 802 322 814 327 806 338 796 346 787 349 777 350 765 347 774 332 783 332 791 329 793 332 784 335 775 335
753 339 762 330 773 323 783 324 791 320 803 322 815 326 808 340 797 347 787 350 777 351 765 348 774 332 784 331 792 329 794 333 785 336 775 336
753 339 762 329 773 322 782 324 790 320 803 322 814 327 807 341 796 349 787 352 777 352 765 349 774 331 783 330 791 328 793 335 785 337 775 338
753 339 762 329 773 322 783 323 790 319 803 322 814 328 807 342 796 351 787 353 778 354 765 350 775 331 784 331 792 329 793 336 785 339 776 339
753 338 761 328 773 321 783 323 791 319 804 321 816 328 809 345 797 354 788 357 777 357 765 351 774 331 784 331 792 329 794 339 785 341 776 341
754 338 762 328 774 321 783 323 791 318 806 321 818 328 810 344 798 353 788 356 778 356 766 351 775 333 784 332 793 330 795 337 786 339 776 339
753 338 762 328 774 321 783 323 790 318 805 321 817 326 809 343 797 353 788 355 778 355 766 350 775 332 784 331 792 329 794 339 786 342 776 341
753 336 763 328 774 322 784 324 792 319 805 321 818 324 810 337 798 345 789 348 779 348 767 345 776 332 785 331 793 329 795 332 787 335 777 335
753 335 764 327 775 321 784 323 791 318 805 319 818 322 808 332 797 338 789 341 780 341 768 340 776 331 785 330 793 328 794 328 787 330 778 330
751 333 763 324 774 318 783 319 791 315 804 316 818 319 808 327 797 332 789 335 779 336 766 336 775 327 784 326 793 324 794 323 786 325 777 326
751 331 763 323 774 317 783 319 791 314 804 315 818 318 808 326 797 331 789 333 779 335 767 335 775 326 784 325 792 323 794 321 786 324 777 324
751 331 763 324 775 318 783 320 790 316 803 316 818 317 806 327 795 331 788 333 779 335 767 334 776 326 784 326 791 324 792 322 785 324 777 325
751 331 763 325 775 320 784 321 791 317 803 317 818 317 807 328 796 333 788 335 779 336 766 336 776 328 785 327 792 324 793 324 786 327 777 328
751 331 762 324 775 318 784 319 792 315 806 315 821 318 809 332 798 339 789 342 779 343 765 341 776 326 785 325 794 323 795 329 787 332 777 332
755 329 768 321 781 315 791 316 801 312 814 313 828 315 818 328 806 334 796 337 786 338 771 337 782 324 792 323 802 320 804 323 794 326 784 327
758 329 771 321 785 315 795 317 804 312 817 313 831 315 821 328 809 335 800 338 789 338 775 336 786 324 796 323 805 321 807 325 797 328 787 328
761 330 774 322 787 317 798 319 807 314 820 314 833 316 824 329 813 336 803 339 791 340 777 337 788 325 799 325 808 322 810 325 800 328 790 328
765 333 777 324 791 319 801 320 810 316 824 316 836 319 828 333 816 342 806 345 795 345 781 342 792 327 802 327 812 324 814 330 804 333 793 333
766 333 780 324 793 318 804 320 814 315 826 316 838 319 830 332 819 340 809 344 797 345 783 342 794 328 805 327 815 324 817 329 806 332 796 332
768 331 781 322 795 316 805 318 814 313 827 314 839 317 830 330 820 338 810 342 799 343 784 340 795 325 806 325 816 322 817 327 807 330 797 330
767 330 780 321 794 315 805 317 814 313 827 314 839 318 830 333 819 341 809 344 797 345 783 340 795 325 805 324 815 321 817 329 807 332 796 332
767 330 780 321 793 315 803 317 812 312 825 314 838 317 829 332 818 341 808 345 797 345 783 341 794 324 804 323 814 321 815 328 806 331 795 331
770 331 782 323 794 316 804 317 812 313 824 315 836 318 827 331 817 338 807 341 797 342 784 340 795 324 804 323 813 321 814 326 805 329 796 329
770 331 781 322 793 316 803 317 811 312 823 314 834 318 826 328 816 335 807 338 797 339 784 337 794 324 804 323 812 320 813 322 805 325 795 326
767 332 778 323 790 316 799 317 807 313 819 315 830 319 822 330 812 336 804 338 794 339 781 338 791 325 800 324 808 322 809 325 801 327 793 328
764 330 776 323 789 317 798 318 805 313 818 315 831 317 821 328 810 334 802 336 793 337 779 336 790 325 799 324 807 322 808 324 800 326 791 327
761 326 774 320 786 314 796 315 803 311 816 313 830 315 819 324 808 328 800 331 790 331 777 331 787 322 796 322 805 320 806 320 798 322 788 323
760 325 774 318 786 312 795 313 803 309 815 310 828 313 818 321 808 326 800 329 790 330 777 329 787 320 796 319 804 317 806 318 798 320 789 321
759 325 770 316 783 309 793 311 801 307 813 309 826 315 816 325 805 331 796 334 786 334 773 332 783 318 793 317 802 315 803 318 794 320 784 321
758 323 768 314 781 308 790 309 798 305 811 308 822 313 813 324 802 331 792 334 783 335 770 333 781 316 791 315 799 313 800 318 791 321 782 322
758 325 768 314 779 307 788 308 796 304 808 307 818 314 810 324 800 331 791 333 782 334 769 331 780 314 789 314 797 312 798 317 790 320 781 320
757 324 766 313 777 306 786 307 794 303 806 307 816 313 809 324 799 331 790 333 780 334 768 331 778 314 787 313 795 312 796 316 788 318 779 319
755 324 764 312 775 304 784 306 792 302 804 305 814 313 808 323 798 330 788 332 778 333 766 330 776 313 785 312 793 310 795 314 786 317 777 317
753 322 762 310 773 303 782 304 790 301 802 304 811 311 805 321 795 327 786 330 776 330 764 328 774 311 783 311 792 309 793 313 784 316 775 316
751 319 759 307 770 300 780 301 788 298 798 301 807 309 801 317 792 323 783 326 773 326 761 324 771 308 780 308 789 306 789 309 781 311 772 311
750 318 758 306 768 299 778 301 785 297 796 301 805 309 799 317 789 322 780 324 771 325 760 323 769 307 778 307 786 305 787 308 779 310 770 310
747 317 755 304 766 297 775 298 783 295 795 298 804 307 798 315 788 321 779 324 769 324 757 322 767 306 776 305 785 304 786 307 777 309 768 310
747 313 755 300 766 293 775 294 783 290 795 295 804 304 797 312 788 317 779 320 769 320 757 318 767 302 776 302 784 300 785 303 777 305 768 305
744 307 753 295 765 289 774 291 783 287 794 291 805 299 797 307 786 313 777 315 767 315 755 312 765 298 775 298 784 296 784 299 776 301 766 300
742 302 750 289 762 283 772 284 780 281 792 285 802 294 794 301 784 306 774 308 764 308 752 306 763 292 772 291 781 290 782 292 773 294 763 294
741 301 750 288 762 282 772 284 780 280 791 284 802 293 793 300 783 305 773 307 763 307 751 305 762 291 772 291 780 289 781 291 772 293 763 293
741 300 750 288 761 281 771 283 779 280 791 284 801 293 793 300 782 305 773 307 763 307 752 305 762 291 771 291 780 289 781 291 772 293 762 293
743 303 751 289 763 282 772 283 780 280 791 285 802 295 794 301 784 306 775 308 765 308 753 306 763 292 773 292 781 291 782 291 773 293 764 293
743 303 752 291 763 284 772 286 780 283 792 287 802 296 794 304 784 308 775 310 765 310 754 308 764 294 773 294 781 293 781 293 773 295 764 295
744 310 752 297 764 290 773 291 781 288 792 292 802 300 795 308 785 314 776 317 766 317 754 315 765 299 774 299 782 297 783 300 774 302 765 303
744 310 753 300 765 294 773 295 780 291 792 295 804 302 794 309 784 315 776 317 767 317 756 315 765 302 774 302 781 300 782 303 774 304 766 305
744 313 753 301 764 295 773 296 781 293 794 296 805 305 796 314 785 319 777 321 767 321 756 319 765 304 774 303 782 302 783 306 775 308 766 308
742 315 752 303 764 295 774 296 782 293 796 297 808 306 799 320 787 327 777 330 767 330 754 327 765 306 774 305 783 304 784 312 775 314 766 315
742 314 753 304 765 297 774 298 782 295 796 298 809 305 799 315 787 321 778 323 768 324 755 322 766 307 775 306 783 305 785 307 776 310 767 310
740 312 753 305 766 299 775 300 782 297 795 299 809 302 798 309 787 313 779 315 770 316 756 316 767 308 776 307 783 305 785 306 777 308 768 308
740 312 754 305 766 300 774 301 780 297 793 299 808 302 797 310 785 314 778 315 770 317 756 317 767 308 774 307 782 305 783 306 776 308 768 309
737 311 750 300 764 293 774 295 782 291 796 294 809 300 799 312 786 317 777 319 766 320 752 318 764 303 774 303 783 301 784 305 775 307 765 308
737 308 749 297 764 291 774 292 784 288 798 291 811 298 801 309 789 314 778 317 767 318 752 316 765 301 775 300 785 298 786 302 776 305 766 306
734 305 747 294 762 288 773 289 783 286 799 288 812 295 802 307 788 312 777 315 765 315 749 314 763 299 774 298 784 296 786 301 775 303 764 304
735 305 747 294 763 287 774 288 785 285 801 288 813 297 804 310 790 317 778 319 766 319 750 316 763 298 775 297 786 295 788 305 777 307 765 308
737 304 751 296 766 291 776 292 785 289 799 290 813 295 802 306 789 311 780 313 769 314 754 312 767 300 776 299 786 297 787 303 778 305 768 305
738 305 753 299 766 294 775 295 783 291 796 293 812 296 799 304 787 307 778 309 769 310 755 310 766 301 775 301 784 299 785 299 777 301 768 302
738 309 752 302 765 297 775 298 783 294 797 295 812 298 800 306 788 309 779 311 769 312 755 312 766 304 775 304 784 302 786 302 777 304 768 304
739 314 753 307 766 303 775 304 783 301 797 301 812 303 800 311 788 315 779 317 770 318 756 317 767 310 776 310 785 308 786 308 777 310 768 311
740 321 754 315 768 310 777 310 785 307 799 308 814 309 802 322 790 328 781 330 772 331 757 330 769 317 778 316 786 314 788 317 780 320 770 321
742 324 755 316 769 310 779 311 788 307 801 308 815 311 805 324 793 332 783 335 772 336 757 333 770 319 779 318 789 316 790 319 781 322 771 323
743 325 756 317 770 312 779 313 788 309 801 311 815 313 804 325 792 331 783 334 773 335 759 333 771 320 780 319 789 317 790 320 781 323 772 323
744 325 758 317 771 312 781 313 790 309 802 310 816 312 806 324 795 330 785 333 775 334 761 332 772 320 782 319 791 317 792 319 783 322 774 322
745 325 759 317 772 311 781 313 790 309 803 310 816 313 806 326 795 334 785 336 776 337 761 334 773 319 782 318 791 316 793 324 784 326 774 326
746 324 760 317 773 311 782 312 791 308 804 309 817 311 807 325 796 332 787 334 777 335 763 332 774 318 783 318 792 315 794 322 785 325 775 325
746 323 759 316 773 311 782 312 791 308 804 310 818 312 807 324 796 330 786 333 776 333 762 331 773 318 783 317 792 315 794 321 784 323 775 323
745 323 759 316 773 310 782 312 790 308 803 310 817 312 807 324 795 331 786 333 776 333 762 331 773 318 782 317 791 315 793 321 784 324 775 324
746 322 760 314 773 309 782 310 790 306 804 308 817 312 806 325 794 332 785 334 776 334 762 331 773 317 782 316 791 314 792 321 784 323 775 323
747 323 760 314 773 308 782 310 792 306 805 308 818 312 808 324 796 331 786 334 776 334 762 331 774 317 783 316 793 314 794 320 784 323 775 323
748 321 761 314 774 308 783 309 790 306 803 308 818 310 806 323 795 329 786 332 777 332 764 329 775 316 783 316 791 314 792 319 785 321 776 321
749 322 762 314 775 308 784 309 792 305 805 307 819 311 808 322 797 329 788 331 778 332 765 329 776 316 785 315 793 313 794 319 786 321 777 321
749 322 762 313 775 307 785 308 794 304 807 306 820 311 810 322 798 329 789 331 779 332 765 329 776 315 785 315 795 313 796 319 787 321 777 321
751 322 763 313 776 307 785 308 793 304 806 306 819 311 809 323 798 329 789 332 779 332 766 330 777 315 786 314 794 312 796 320 787 322 778 322
750 322 763 313 776 307 785 308 794 304 807 306 820 311 810 323 799 330 789 332 779 333 766 330 777 315 786 314 795 312 797 320 787 322 778 322
752 322 764 312 776 306 786 307 795 303 808 306 820 312 811 324 799 331 789 333 779 334 766 330 777 315 786 314 796 313 797 320 788 322 778 322
752 322 764 312 776 306 785 308 794 304 808 306 820 312 810 324 798 330 789 333 779 333 766 330 777 314 786 314 795 312 796 320 787 322 778 322
750 322 763 312 776 305 785 307 793 303 807 306 820 312 810 325 798 330 788 333 778 333 765 330 776 315 786 314 795 313 796 317 786 319 777 319
749 322 761 311 774 305 785 306 794 302 808 306 821 313 811 325 798 330 788 333 777 333 764 331 775 314 785 314 795 312 796 317 786 319 776 319
